11153
3713
15672
18649
93589
89201
3710
55982
50943
3022
4697b
43722
43723
54200
99206
2877
44294
48336
3710
44294
30350b
55982
6141
44294
5240
11215
3795
3713
11153
3710
93589
2432
6141
47759
2654
93589
89201
3710
11215
3713
3713
3713
3023
47759
54200
89201
99206
3023
91780
50943
3713
43093
43093
2432
50943
89201
6141
3022
48336
3701
3004
44294
4735
3710
15672
54200
3713
3713
2654
44728
92280
43093
61409
3666
50943
15068
15712
91780
4697b
3701
3623
2432
50943
93589
43093
18649
54200
3004
2432
47759
3022
32028
93589
47759
3713
91780
3069b
3713
89201
3713
47759
3700
3701
92280
50943
3713
3713
4735
3710
2654
3069b
3004
2432
3713
32028
24299
24307
3713
43093
43093
43093
6141
6141
3713
3795
3713
16091
43093
6141
15672
47759
54200
3623
50943
30350b
2877
3713
99206
3713
4735
3004
43722
43723
24307
24299
61409
3713
15712
3023
4282
48336
24307
24299
11215
24307
24299
6141
92280
18649
11215
4735
3701
3004
93589
44294
92280
47759
15573
54200
92280
15712
16091
54200
11477
4282
93589
50943
15573
2654
48336
3701
15068
47759
4697b
11153
85984
61409
2654
11153
15712
3713
99206
3023
3713
50943
54200
3713
99206
44294
3700
61409
92280
30350b
54200
s
3701
2654
3701
44294
3701
93589
3023
3713
16091
15712
85984
44294
30350b
47759
3623
30350b
32028
3700
92280
99206
3701
24299
24307
3795
43093
4282
15068
3623
3004
3713
3713
99780
3701
2654
54200
3713
99206
24299
24307
3713
5240
50943
3700
3713
3666
6141
3795
3666
3713
3710
92280
50943
15712
54200
61409
2432
44294
54200
3022
43093
3795
89201
3713
61409
3713
99206
3020
3023
4282
3666
3666
32028
44728
3795
55982
92280
44294
47759
2432
3713
92280
54200
44728
44294
93589
11153
43723
43722
93589
44728
30350b
32028
30350b
54200
44728
47759
44294
32028
54200
6141
2432
55982
44728
50943
54200
43723
43722
15672
3666
24307
24299
89201
15672
3713
44294
54200
11215
54200
15068
54200
6141
99206
24299
24307
15672
55982
47759
43093
18649
11153
4735
54200
6141
11477
44294
15573
2432
89201
54200
5240
3713
24307
24299
3020
3069b
11153
15672
54200
85984
54200
44294
15712
11477
24299
24307
6141
2877
48336
15712
92280
99780
61409
3023
15573
3713
15712
3713
15712
55982
92280
16091
3713
99206
54200
44294
47759
3700
3700
15712
3713
2654
3713
43093
50943
54200
92280
2654
15712
48336
43723
43722
32028
2654
11477
48336
44294
55982
6141
54200
99780
43722
43723
3710
92280
89201
16091
3004
4282
55982
2432
6141
3701
3069b
50943
32028
3023
11215
43722
43723
54200
3020
44294
54200
5420
4735
3713
4282
43093
2432
93589
99206
85984
3700
18649
24307
24299
3713
55982
15068
43722
43723
3713
61409
24307
24299
3069b
15573
85984
4282
4697b
54200
43093
11477
99206
44728
16091
2654
30350b
92280
16091
15712
44728
43093
11215
6141
11477
44294
3023
32028
15573
6141
16091
44294
55982
43093
44728
54200
30350b
32028
2432
43093
43093
5240

6141
4282
15068
93589
50943
30350b
55982
93589
11215
3700
3023
93589
43723
43722
11215
54200
3623
91780
55982
15672
43093
44294
3710
55982
3713
92280
44294
47759
4697b
3795
47759
99206
16091
6141
3666
47759
93589
4735
43093
4697b
93589
4282
24299
24307
43093
3701
99206
3795
55982
93589
91780
15712
11153
3713
47759
93589
3713
2877
50943
3069b
92280
3020
18649
50943
6141
3713
55982
43093
3713
92280
54200
2877
43722
43723
3713
44294
24299
24307
3700
15672
11215
3713
4697b
3713
15672
3701
47759
2654
61409
3713
15573
44294
48336
15068
24299
24307
3713
99206
2432
3710
2877
43722
43723
3713
3004
6141
3713
43723
43722
93589
3713
a
3700
4697b
43093
2654
47759
54200
3666
43093
2432
11215
93589
16091
3713
3623
6141
47759
30350b
3701
3713
91780
55982
3069b
6141
44294
3004
3069b
3666
54200
3069b
3623
91780
44294
11215
15573
43722
43723
2877
43723
43722
91780
48336
15068
91780
61409
44728
43093
6141
2654
44294
4735
3713
3795
44294
16091
93589
11153
3713
2654
3069b
3700
99780
3022
55982
15712
3713
3023
3713
91780
44294
2654
2654
11215
85984
44294
54200
6141
11477
54200
18649
30350b
24299
24307
44294
2654
44294
92280
54200
91780
50943
3713
32028
18649
11477
3666
2877
15712
2654
54200
44294
30350b
54200
48336
3069b
3004
44294
4282
54200
15573
15712
3004
a
24299
24307
a

15573
3713
3713
61409
4282
3023
11215
54200
4735
3022
3069b
61409
54200
3713
15672
99206
44728
47759
2432
99206
3713
54200
30350b
4735
3713
2654
4735
3020
44294
44728
43093
3023
61409
3713
89201
43093
11153
3004
43722
43723
16091
6141
4697b
32028
3713
3700
3713
2432
3795
43093
99206
2654
85984
2432
11477
30350b
89201
3023
2877
43093
47759
43722
43723
6141
15712
15672
3795
4282
3020
99206
15712
91780
15068
15712
61409
3713
3022
2877
3713
3795
55982
3713
3713
11215
11215
15672
48336
11215
44294
44294
85984
2432
4282
3069b
3713
6141
61409
3069b
18649
55982
47759
44294
4697b
6141
92280
15672
3710
89201
4735
3020
3713
3022
54200
6141
92280
93589
24299
24307
11215
24307
24299
43093
44294
3795
50943
93589
11153
44294
43093
3004
54200
24299
24307
3023
3710
3069b
24307
24299
2432
15672
89201
4282
16091
47759
44294
18649
43093
4282
11215
18649
3666
3713
89201
2432
43093
11153
3713
89201
4735
47759
6141
15672
3713
2654
3700
89201
15712
54200
15573
15672
54200
2654
2654
2432
3795
54200
32028
93589
3713
55982
2654
30350b
44294
2877
61409
18649
4697b
43093
44294
48336
2654
43722
43723
3069b
11215
4282
3022
54200
92280
48336
2432
24307
24299
3713
47759
6141
3700
54200
6141
30350b
11153
50943
92280
3713
2654
3713
3713
3700
15672
43093
54200
3022
15068
54200
92280
43093
44728
44294
6141
3795
11215
4735
43722
43723
3023
93589
54200
6141
91780
3713
2654
30350b
93589
92280
91780
55982
3713
43093
6141
4697b
47759
3023
15068
92280
3701
48336
16091
54200
3069b
47759
3713
2432
18649
43093
47759
48336
3022
44728
91780
6141
54200
3022
16091
4735
2877
3623
50943
54200
92280
3713
44294
11477
44294
15068
30350b
4282
91780
44294
93589
3713
32028
44294
15712
4735
3623
32028
3701
3701
44294
99780
5240
18649
50943
4735
6141
2654
44294
43093
32028
11153
6141
92280
43093
6141
99780
93589
4735
54200
11153
2877
6141
61409
3022
3710
54200
48336
3713
4282
4697b
2877
43093
4282
44728
2877
3666
89201
55982
3713
11215
2432
3795
2432
6141
43093
93589
55982
4282
54200
3022
3023
6141
32028
2654
43723
43722
43093
44294
48336
54200
6141
92280
85984
54200
50943
6141
11153
15712
55982
3666
43093
44728
4282
3666
99206
43093
54200
3069b
92280
54200
3023
44294
3666
61409
2654
2877
93589
18649
54200
43093
6141
50943
44294
11477
43722
43723
15672
54200
4735
3701
93589
44728
3713
16091
44728
3004
16091
4282
3701
3004
16091
16091
18649
50943
44728
3713
3713
99206
3700
3700
30350b
54200
44294
32028
54200
3623
5240
30350b
3020
3713
3713
2432
4735
11153
32028
15573
2654
3623
3623
2432
3795
3020
3713
11153
47759
30350b
54200
24307
24299
6141
4735
3023
4282
43093
4735
2654
54200
4735
89201
50943
93589
15712
3023
3713
