0 0.264375 0.159583 0.271250 0.090833
1 0.558438 0.389583 0.409375 0.115833
1 0.562500 0.499167 0.425000 0.121667
1 0.563750 0.613750 0.438750 0.114167
1 0.564063 0.730417 0.441875 0.119167
2 0.425312 0.396250 0.048125 0.089167
2 0.424375 0.508333 0.030000 0.091667
2 0.418750 0.619583 0.028750 0.094167
2 0.421875 0.727500 0.018750 0.100000
2 0.472187 0.730417 0.038125 0.109167
2 0.472813 0.617500 0.036875 0.106667
2 0.476250 0.502083 0.035000 0.094167
2 0.477187 0.392500 0.025625 0.085000
2 0.582187 0.393333 0.043125 0.105000
2 0.635312 0.388333 0.040625 0.101667
2 0.527188 0.505833 0.044375 0.090000
2 0.530000 0.617083 0.050000 0.095833
2 0.531875 0.732083 0.043750 0.112500
2 0.630938 0.723333 0.035625 0.098333
2 0.637188 0.500417 0.036875 0.094167
2 0.584063 0.498333 0.036875 0.098333
