0 0.243750 0.099167 0.296250 0.118333
1 0.550312 0.342083 0.444375 0.114167
1 0.547188 0.453333 0.459375 0.123333
1 0.546250 0.565417 0.460000 0.105833
1 0.548125 0.685833 0.465000 0.121667
2 0.405625 0.342083 0.027500 0.095833
2 0.406250 0.457917 0.026250 0.077500
2 0.405000 0.571667 0.033750 0.088333
2 0.402500 0.687083 0.031250 0.094167
2 0.455625 0.686667 0.030000 0.108333
2 0.465938 0.574583 0.034375 0.097500
2 0.460625 0.458333 0.031250 0.086667
2 0.466250 0.342500 0.031250 0.101667
2 0.564063 0.344583 0.039375 0.087500
2 0.620313 0.343333 0.029375 0.103333
2 0.517188 0.455000 0.024375 0.105000
2 0.511563 0.570833 0.029375 0.108333
2 0.512813 0.685000 0.026875 0.095000
2 0.620938 0.685000 0.034375 0.108333
2 0.571250 0.451667 0.046250 0.108333
2 0.622188 0.455833 0.023125 0.091667
