0 0.254063 0.078333 0.278125 0.111667
1 0.549687 0.344167 0.450625 0.126667
1 0.548125 0.452917 0.453750 0.119167
1 0.546875 0.577083 0.453750 0.117500
1 0.549375 0.691250 0.451250 0.114167
2 0.409062 0.342917 0.036875 0.094167
2 0.629062 0.691250 0.036875 0.094167
2 0.575937 0.346250 0.036875 0.094167
2 0.514687 0.580417 0.036875 0.094167
2 0.409687 0.686250 0.036875 0.094167
2 0.409687 0.568750 0.036875 0.094167
2 0.409687 0.461250 0.036875 0.094167
2 0.627812 0.689583 0.036875 0.094167
2 0.516563 0.695417 0.036875 0.094167
2 0.570937 0.454583 0.036875 0.094167
