0 0.254063 0.078333 0.281875 0.105000
1 0.554375 0.352500 0.443750 0.118333
1 0.547500 0.460833 0.443750 0.118333
1 0.534375 0.582500 0.443750 0.118333
1 0.543750 0.690000 0.443750 0.118333
2 0.413750 0.356250 0.025000 0.092500
2 0.578125 0.356250 0.025000 0.092500
2 0.568750 0.460417 0.025000 0.092500
2 0.511875 0.462083 0.025000 0.092500
2 0.525625 0.697083 0.025000 0.092500
2 0.468750 0.691250 0.025000 0.092500
2 0.520625 0.581250 0.025000 0.092500
2 0.471250 0.577083 0.025000 0.092500
2 0.463750 0.473750 0.025000 0.092500
2 0.470625 0.356250 0.025000 0.092500
2 0.418750 0.691250 0.025000 0.092500
2 0.413750 0.583750 0.025000 0.092500
2 0.408750 0.464583 0.025000 0.092500
2 0.634375 0.687917 0.025000 0.092500
2 0.625625 0.465417 0.025000 0.092500
2 0.632500 0.347917 0.025000 0.092500
