0 0.252812 0.088750 0.284375 0.097500
1 0.545000 0.351667 0.422500 0.101667
1 0.539375 0.694167 0.422500 0.101667
1 0.542500 0.582500 0.422500 0.101667
1 0.545625 0.470000 0.422500 0.101667
2 0.413750 0.354583 0.032500 0.099167
2 0.470625 0.687917 0.032500 0.099167
2 0.521250 0.579583 0.032500 0.099167
2 0.420625 0.704583 0.032500 0.099167
2 0.416875 0.469583 0.032500 0.099167
2 0.415625 0.583750 0.032500 0.099167
2 0.626250 0.686250 0.032500 0.099167
2 0.530000 0.698750 0.032500 0.099167
2 0.573750 0.360417 0.032500 0.099167
