0 0.258437 0.085417 0.273125 0.105833
1 0.547500 0.357083 0.425000 0.105833
1 0.550000 0.697917 0.425000 0.105833
1 0.547500 0.582083 0.425000 0.105833
1 0.551875 0.471250 0.425000 0.105833
2 0.416563 0.356250 0.029375 0.092500
2 0.413125 0.464167 0.028750 0.101667
2 0.419375 0.587917 0.035000 0.089167
2 0.419687 0.697083 0.025625 0.089167
2 0.522500 0.583750 0.025000 0.079167
2 0.519687 0.467500 0.029375 0.083333
2 0.580625 0.353750 0.030000 0.087500
2 0.632188 0.699583 0.024375 0.082500
2 0.572812 0.473750 0.033125 0.089167
