0 0.453318 0.234053 0.165895 0.073045
1 0.625193 0.408693 0.273534 0.070473
1 0.625579 0.474537 0.273534 0.070473
1 0.632909 0.539352 0.273534 0.070473
1 0.633681 0.605195 0.273534 0.070473
2 0.544753 0.402263 0.013889 0.051440
2 0.670139 0.408951 0.013889 0.051440
2 0.643519 0.406379 0.013889 0.051440
2 0.576389 0.621914 0.013889 0.051440
2 0.610340 0.611626 0.013889 0.051440
2 0.671682 0.612140 0.013889 0.051440
2 0.608025 0.473765 0.013889 0.051440
2 0.637346 0.472737 0.013889 0.051440
2 0.609954 0.542181 0.013889 0.051440
2 0.541281 0.604938 0.013889 0.051440
2 0.546296 0.540123 0.013889 0.051440
2 0.539738 0.472222 0.013889 0.051440
