0 0.233796 0.195216 0.229167 0.082819
1 0.459298 0.391718 0.336806 0.085905
1 0.452932 0.473251 0.326389 0.102881
1 0.455826 0.552984 0.320602 0.090535
1 0.456404 0.636317 0.344907 0.085391
2 0.349344 0.385288 0.039738 0.069959
2 0.472415 0.477366 0.039738 0.069959
2 0.448495 0.557613 0.039738 0.069959
2 0.475502 0.394547 0.039738 0.069959
2 0.343943 0.636831 0.039738 0.069959
2 0.361690 0.553498 0.039738 0.069959
2 0.348573 0.469136 0.039738 0.069959
2 0.391782 0.393519 0.039738 0.069959
2 0.506752 0.483025 0.039738 0.069959
2 0.429205 0.477366 0.039738 0.069959
2 0.505208 0.641461 0.039738 0.069959
2 0.389853 0.641975 0.039738 0.069959
2 0.428434 0.644547 0.039738 0.069959
2 0.398341 0.553498 0.039738 0.069959
