0 0.220938 0.083333 0.331875 0.108333
1 0.580000 0.384167 0.531250 0.120000
1 0.577500 0.780833 0.531250 0.120000
1 0.582500 0.655833 0.531250 0.120000
1 0.573750 0.512500 0.531250 0.120000
2 0.415312 0.387083 0.026875 0.104167
2 0.482187 0.772917 0.026875 0.104167
2 0.608437 0.510417 0.026875 0.104167
2 0.541562 0.519583 0.026875 0.104167
2 0.475313 0.522917 0.026875 0.104167
2 0.607187 0.382917 0.026875 0.104167
2 0.472813 0.386250 0.026875 0.104167
2 0.415938 0.792083 0.026875 0.104167
2 0.410313 0.648750 0.026875 0.104167
2 0.410938 0.517083 0.026875 0.104167
2 0.542188 0.786250 0.026875 0.104167
2 0.661563 0.776250 0.026875 0.104167
2 0.477187 0.658750 0.026875 0.104167
2 0.534687 0.649583 0.026875 0.104167
2 0.670937 0.391250 0.026875 0.104167
2 0.660937 0.521250 0.026875 0.104167
