0 0.219062 0.086250 0.335625 0.114167
1 0.571875 0.383333 0.517500 0.121667
1 0.578750 0.778333 0.517500 0.121667
1 0.568750 0.658333 0.517500 0.121667
1 0.577500 0.515833 0.517500 0.121667
2 0.413750 0.383750 0.031250 0.084167
2 0.673750 0.515417 0.031250 0.084167
2 0.653750 0.788750 0.031250 0.084167
2 0.543750 0.795417 0.031250 0.084167
2 0.532500 0.642083 0.031250 0.084167
2 0.468125 0.647917 0.031250 0.084167
2 0.476250 0.786250 0.031250 0.084167
2 0.411250 0.773750 0.031250 0.084167
2 0.665000 0.384583 0.031250 0.084167
2 0.408750 0.652083 0.031250 0.084167
2 0.604375 0.508750 0.031250 0.084167
2 0.541875 0.514583 0.031250 0.084167
2 0.472500 0.515417 0.031250 0.084167
2 0.414375 0.507917 0.031250 0.084167
2 0.600000 0.384583 0.031250 0.084167
2 0.473125 0.381250 0.031250 0.084167
