0 0.228437 0.128750 0.291875 0.119167
1 0.522500 0.393333 0.467500 0.108333
1 0.530625 0.741667 0.467500 0.108333
1 0.529375 0.629167 0.467500 0.108333
1 0.521250 0.513333 0.467500 0.108333
2 0.388437 0.390000 0.023125 0.086667
2 0.609688 0.734167 0.023125 0.086667
2 0.504062 0.735833 0.023125 0.086667
2 0.600938 0.392500 0.023125 0.086667
2 0.555937 0.387500 0.023125 0.086667
2 0.544063 0.498333 0.023125 0.086667
2 0.493437 0.505000 0.023125 0.086667
2 0.598437 0.504167 0.023125 0.086667
2 0.445937 0.741667 0.023125 0.086667
2 0.494063 0.620833 0.023125 0.086667
2 0.434063 0.503333 0.023125 0.086667
2 0.442812 0.390000 0.023125 0.086667
2 0.440937 0.619167 0.023125 0.086667
2 0.392188 0.736667 0.023125 0.086667
2 0.390313 0.620000 0.023125 0.086667
2 0.384688 0.502500 0.023125 0.086667
