0 0.264062 0.146250 0.271875 0.095833
1 0.549687 0.381250 0.431875 0.095833
1 0.546562 0.717083 0.431875 0.095833
1 0.550937 0.612083 0.431875 0.095833
1 0.550312 0.497083 0.431875 0.095833
2 0.417812 0.383333 0.029375 0.078333
2 0.629687 0.378333 0.029375 0.078333
2 0.624687 0.490833 0.029375 0.078333
2 0.572812 0.494167 0.029375 0.078333
2 0.520938 0.494167 0.029375 0.078333
2 0.517188 0.605000 0.029375 0.078333
2 0.464687 0.610833 0.029375 0.078333
2 0.469062 0.495000 0.029375 0.078333
2 0.574688 0.384167 0.029375 0.078333
2 0.470313 0.386667 0.029375 0.078333
2 0.419687 0.497500 0.029375 0.078333
2 0.410938 0.607500 0.029375 0.078333
2 0.522188 0.715000 0.029375 0.078333
2 0.469687 0.715000 0.029375 0.078333
2 0.628437 0.721667 0.029375 0.078333
2 0.420312 0.718333 0.029375 0.078333
