2 0.474687 0.727917 0.029375 0.0825 0.579867
2 0.58125 0.5025 0.0275 0.0833333 0.589693
2 0.525 0.504167 0.03 0.0833333 0.599556
2 0.522812 0.612083 0.030625 0.0758333 0.608661
2 0.468437 0.615833 0.025625 0.08 0.646961
2 0.528125 0.726667 0.0275 0.085 0.661888
2 0.417812 0.617083 0.029375 0.0825 0.66561
2 0.472187 0.505 0.026875 0.0833333 0.67448
2 0.632812 0.50125 0.025625 0.0875 0.675844
2 0.630938 0.389583 0.028125 0.0825 0.68297
2 0.420625 0.7275 0.02625 0.0833333 0.689768
2 0.578438 0.392083 0.026875 0.0808333 0.70526
2 0.471875 0.392917 0.03 0.0858333 0.714386
2 0.420938 0.507083 0.028125 0.0858333 0.739066
2 0.419375 0.39375 0.02875 0.0858333 0.754732
2 0.631875 0.725 0.03 0.0783333 0.768105
1 0.555625 0.61625 0.4475 0.114167 0.837538
1 0.558438 0.727083 0.428125 0.1125 0.85219
1 0.556562 0.389167 0.441875 0.111667 0.858418
1 0.555313 0.50125 0.440625 0.114167 0.859254
0 0.265312 0.155417 0.276875 0.0891667 0.88642
2 0.474687 0.727917 0.029375 0.0825 0.579867
2 0.58125 0.5025 0.0275 0.0833333 0.589693
2 0.525 0.504167 0.03 0.0833333 0.599556
2 0.522812 0.612083 0.030625 0.0758333 0.608661
2 0.468437 0.615833 0.025625 0.08 0.646961
2 0.528125 0.726667 0.0275 0.085 0.661888
2 0.417812 0.617083 0.029375 0.0825 0.66561
2 0.472187 0.505 0.026875 0.0833333 0.67448
2 0.632812 0.50125 0.025625 0.0875 0.675844
2 0.630938 0.389583 0.028125 0.0825 0.68297
2 0.420625 0.7275 0.02625 0.0833333 0.689768
2 0.578438 0.392083 0.026875 0.0808333 0.70526
2 0.471875 0.392917 0.03 0.0858333 0.714386
2 0.420938 0.507083 0.028125 0.0858333 0.739066
2 0.419375 0.39375 0.02875 0.0858333 0.754732
2 0.631875 0.725 0.03 0.0783333 0.768105
1 0.555625 0.61625 0.4475 0.114167 0.837538
1 0.558438 0.727083 0.428125 0.1125 0.85219
1 0.556562 0.389167 0.441875 0.111667 0.858418
1 0.555313 0.50125 0.440625 0.114167 0.859254
0 0.265312 0.155417 0.276875 0.0891667 0.88642
