2 0.4375 0.64249 0.0486111 0.0823045 0.261496
2 0.438464 0.558899 0.0767747 0.0766461 0.312187
2 0.47936 0.477366 0.124614 0.0771605 0.321193
2 0.483218 0.39429 0.0574846 0.0766461 0.351748
2 0.48071 0.3107 0.0570988 0.0751029 0.406364
1 0.450424 0.557613 0.320602 0.0895062 0.640868
2 0.43615 0.64249 0.0243056 0.0699589 0.66387
2 0.440779 0.476595 0.023534 0.0694444 0.672654
2 0.524884 0.397634 0.0266204 0.06893 0.677817
2 0.400656 0.474794 0.0219907 0.0679012 0.680625
2 0.480324 0.478395 0.0262346 0.0668724 0.700069
2 0.435185 0.559928 0.0262346 0.0684156 0.705853
2 0.521412 0.478138 0.0258488 0.0694444 0.709142
2 0.405286 0.392747 0.0258488 0.0704733 0.715335
2 0.394869 0.641204 0.023534 0.0684156 0.723059
2 0.484568 0.394805 0.0262346 0.0684156 0.724935
2 0.51466 0.64429 0.0262346 0.0694444 0.725379
2 0.361111 0.307099 0.0239198 0.0648148 0.750867
2 0.395448 0.558128 0.0239198 0.0679012 0.752046
2 0.356674 0.641718 0.0243056 0.0684156 0.756116
2 0.360532 0.475566 0.0243056 0.066358 0.757927
2 0.36439 0.393519 0.0243056 0.0709877 0.760734
2 0.356674 0.558899 0.0250772 0.0673868 0.763551
1 0.461034 0.310185 0.316358 0.0833333 0.777354
1 0.455826 0.475823 0.322145 0.0843621 0.787927
2 0.480903 0.309928 0.027392 0.0694444 0.792024
1 0.455826 0.395833 0.326775 0.0838477 0.85491
1 0.462384 0.641204 0.345293 0.093107 0.868488
0 0.23341 0.192387 0.209105 0.0792181 0.915388
2 0.4375 0.64249 0.0486111 0.0823045 0.261496
2 0.438464 0.558899 0.0767747 0.0766461 0.312187
2 0.47936 0.477366 0.124614 0.0771605 0.321193
2 0.483218 0.39429 0.0574846 0.0766461 0.351748
2 0.48071 0.3107 0.0570988 0.0751029 0.406364
1 0.450424 0.557613 0.320602 0.0895062 0.640868
2 0.43615 0.64249 0.0243056 0.0699589 0.66387
2 0.440779 0.476595 0.023534 0.0694444 0.672654
2 0.524884 0.397634 0.0266204 0.06893 0.677817
2 0.400656 0.474794 0.0219907 0.0679012 0.680625
2 0.480324 0.478395 0.0262346 0.0668724 0.700069
2 0.435185 0.559928 0.0262346 0.0684156 0.705853
2 0.521412 0.478138 0.0258488 0.0694444 0.709142
2 0.405286 0.392747 0.0258488 0.0704733 0.715335
2 0.394869 0.641204 0.023534 0.0684156 0.723059
2 0.484568 0.394805 0.0262346 0.0684156 0.724935
2 0.51466 0.64429 0.0262346 0.0694444 0.725379
2 0.361111 0.307099 0.0239198 0.0648148 0.750867
2 0.395448 0.558128 0.0239198 0.0679012 0.752046
2 0.356674 0.641718 0.0243056 0.0684156 0.756116
2 0.360532 0.475566 0.0243056 0.066358 0.757927
2 0.36439 0.393519 0.0243056 0.0709877 0.760734
2 0.356674 0.558899 0.0250772 0.0673868 0.763551
1 0.461034 0.310185 0.316358 0.0833333 0.777354
1 0.455826 0.475823 0.322145 0.0843621 0.787927
2 0.480903 0.309928 0.027392 0.0694444 0.792024
1 0.455826 0.395833 0.326775 0.0838477 0.85491
1 0.462384 0.641204 0.345293 0.093107 0.868488
0 0.23341 0.192387 0.209105 0.0792181 0.915388
2 0.4375 0.64249 0.0486111 0.0823045 0.261496
2 0.438464 0.558899 0.0767747 0.0766461 0.312187
2 0.47936 0.477366 0.124614 0.0771605 0.321193
2 0.483218 0.39429 0.0574846 0.0766461 0.351748
2 0.48071 0.3107 0.0570988 0.0751029 0.406364
1 0.450424 0.557613 0.320602 0.0895062 0.640868
2 0.43615 0.64249 0.0243056 0.0699589 0.66387
2 0.440779 0.476595 0.023534 0.0694444 0.672654
2 0.524884 0.397634 0.0266204 0.06893 0.677817
2 0.400656 0.474794 0.0219907 0.0679012 0.680625
2 0.480324 0.478395 0.0262346 0.0668724 0.700069
2 0.435185 0.559928 0.0262346 0.0684156 0.705853
2 0.521412 0.478138 0.0258488 0.0694444 0.709142
2 0.405286 0.392747 0.0258488 0.0704733 0.715335
2 0.394869 0.641204 0.023534 0.0684156 0.723059
2 0.484568 0.394805 0.0262346 0.0684156 0.724935
2 0.51466 0.64429 0.0262346 0.0694444 0.725379
2 0.361111 0.307099 0.0239198 0.0648148 0.750867
2 0.395448 0.558128 0.0239198 0.0679012 0.752046
2 0.356674 0.641718 0.0243056 0.0684156 0.756116
2 0.360532 0.475566 0.0243056 0.066358 0.757927
2 0.36439 0.393519 0.0243056 0.0709877 0.760734
2 0.356674 0.558899 0.0250772 0.0673868 0.763551
1 0.461034 0.310185 0.316358 0.0833333 0.777354
1 0.455826 0.475823 0.322145 0.0843621 0.787927
2 0.480903 0.309928 0.027392 0.0694444 0.792024
1 0.455826 0.395833 0.326775 0.0838477 0.85491
1 0.462384 0.641204 0.345293 0.093107 0.868488
0 0.23341 0.192387 0.209105 0.0792181 0.915388
2 0.4375 0.64249 0.0486111 0.0823045 0.261496
2 0.438464 0.558899 0.0767747 0.0766461 0.312187
2 0.47936 0.477366 0.124614 0.0771605 0.321193
2 0.483218 0.39429 0.0574846 0.0766461 0.351748
2 0.48071 0.3107 0.0570988 0.0751029 0.406364
1 0.450424 0.557613 0.320602 0.0895062 0.640868
2 0.43615 0.64249 0.0243056 0.0699589 0.66387
2 0.440779 0.476595 0.023534 0.0694444 0.672654
2 0.524884 0.397634 0.0266204 0.06893 0.677817
2 0.400656 0.474794 0.0219907 0.0679012 0.680625
2 0.480324 0.478395 0.0262346 0.0668724 0.700069
2 0.435185 0.559928 0.0262346 0.0684156 0.705853
2 0.521412 0.478138 0.0258488 0.0694444 0.709142
2 0.405286 0.392747 0.0258488 0.0704733 0.715335
2 0.394869 0.641204 0.023534 0.0684156 0.723059
2 0.484568 0.394805 0.0262346 0.0684156 0.724935
2 0.51466 0.64429 0.0262346 0.0694444 0.725379
2 0.361111 0.307099 0.0239198 0.0648148 0.750867
2 0.395448 0.558128 0.0239198 0.0679012 0.752046
2 0.356674 0.641718 0.0243056 0.0684156 0.756116
2 0.360532 0.475566 0.0243056 0.066358 0.757927
2 0.36439 0.393519 0.0243056 0.0709877 0.760734
2 0.356674 0.558899 0.0250772 0.0673868 0.763551
1 0.461034 0.310185 0.316358 0.0833333 0.777354
1 0.455826 0.475823 0.322145 0.0843621 0.787927
2 0.480903 0.309928 0.027392 0.0694444 0.792024
1 0.455826 0.395833 0.326775 0.0838477 0.85491
1 0.462384 0.641204 0.345293 0.093107 0.868488
0 0.23341 0.192387 0.209105 0.0792181 0.915388
2 0.4375 0.64249 0.0486111 0.0823045 0.261496
2 0.438464 0.558899 0.0767747 0.0766461 0.312187
2 0.47936 0.477366 0.124614 0.0771605 0.321193
2 0.483218 0.39429 0.0574846 0.0766461 0.351748
2 0.48071 0.3107 0.0570988 0.0751029 0.406364
1 0.450424 0.557613 0.320602 0.0895062 0.640868
2 0.43615 0.64249 0.0243056 0.0699589 0.66387
2 0.440779 0.476595 0.023534 0.0694444 0.672654
2 0.524884 0.397634 0.0266204 0.06893 0.677817
2 0.400656 0.474794 0.0219907 0.0679012 0.680625
2 0.480324 0.478395 0.0262346 0.0668724 0.700069
2 0.435185 0.559928 0.0262346 0.0684156 0.705853
2 0.521412 0.478138 0.0258488 0.0694444 0.709142
2 0.405286 0.392747 0.0258488 0.0704733 0.715335
2 0.394869 0.641204 0.023534 0.0684156 0.723059
2 0.484568 0.394805 0.0262346 0.0684156 0.724935
2 0.51466 0.64429 0.0262346 0.0694444 0.725379
2 0.361111 0.307099 0.0239198 0.0648148 0.750867
2 0.395448 0.558128 0.0239198 0.0679012 0.752046
2 0.356674 0.641718 0.0243056 0.0684156 0.756116
2 0.360532 0.475566 0.0243056 0.066358 0.757927
2 0.36439 0.393519 0.0243056 0.0709877 0.760734
2 0.356674 0.558899 0.0250772 0.0673868 0.763551
1 0.461034 0.310185 0.316358 0.0833333 0.777354
1 0.455826 0.475823 0.322145 0.0843621 0.787927
2 0.480903 0.309928 0.027392 0.0694444 0.792024
1 0.455826 0.395833 0.326775 0.0838477 0.85491
1 0.462384 0.641204 0.345293 0.093107 0.868488
0 0.23341 0.192387 0.209105 0.0792181 0.915388
2 0.4375 0.64249 0.0486111 0.0823045 0.261496
2 0.438464 0.558899 0.0767747 0.0766461 0.312187
2 0.47936 0.477366 0.124614 0.0771605 0.321193
2 0.483218 0.39429 0.0574846 0.0766461 0.351748
2 0.48071 0.3107 0.0570988 0.0751029 0.406364
1 0.450424 0.557613 0.320602 0.0895062 0.640868
2 0.43615 0.64249 0.0243056 0.0699589 0.66387
2 0.440779 0.476595 0.023534 0.0694444 0.672654
2 0.524884 0.397634 0.0266204 0.06893 0.677817
2 0.400656 0.474794 0.0219907 0.0679012 0.680625
2 0.480324 0.478395 0.0262346 0.0668724 0.700069
2 0.435185 0.559928 0.0262346 0.0684156 0.705853
2 0.521412 0.478138 0.0258488 0.0694444 0.709142
2 0.405286 0.392747 0.0258488 0.0704733 0.715335
2 0.394869 0.641204 0.023534 0.0684156 0.723059
2 0.484568 0.394805 0.0262346 0.0684156 0.724935
2 0.51466 0.64429 0.0262346 0.0694444 0.725379
2 0.361111 0.307099 0.0239198 0.0648148 0.750867
2 0.395448 0.558128 0.0239198 0.0679012 0.752046
2 0.356674 0.641718 0.0243056 0.0684156 0.756116
2 0.360532 0.475566 0.0243056 0.066358 0.757927
2 0.36439 0.393519 0.0243056 0.0709877 0.760734
2 0.356674 0.558899 0.0250772 0.0673868 0.763551
1 0.461034 0.310185 0.316358 0.0833333 0.777354
1 0.455826 0.475823 0.322145 0.0843621 0.787927
2 0.480903 0.309928 0.027392 0.0694444 0.792024
1 0.455826 0.395833 0.326775 0.0838477 0.85491
1 0.462384 0.641204 0.345293 0.093107 0.868488
0 0.23341 0.192387 0.209105 0.0792181 0.915388
2 0.4375 0.64249 0.0486111 0.0823045 0.261496
2 0.438464 0.558899 0.0767747 0.0766461 0.312187
2 0.47936 0.477366 0.124614 0.0771605 0.321193
2 0.483218 0.39429 0.0574846 0.0766461 0.351748
2 0.48071 0.3107 0.0570988 0.0751029 0.406364
1 0.450424 0.557613 0.320602 0.0895062 0.640868
2 0.43615 0.64249 0.0243056 0.0699589 0.66387
2 0.440779 0.476595 0.023534 0.0694444 0.672654
2 0.524884 0.397634 0.0266204 0.06893 0.677817
2 0.400656 0.474794 0.0219907 0.0679012 0.680625
2 0.480324 0.478395 0.0262346 0.0668724 0.700069
2 0.435185 0.559928 0.0262346 0.0684156 0.705853
2 0.521412 0.478138 0.0258488 0.0694444 0.709142
2 0.405286 0.392747 0.0258488 0.0704733 0.715335
2 0.394869 0.641204 0.023534 0.0684156 0.723059
2 0.484568 0.394805 0.0262346 0.0684156 0.724935
2 0.51466 0.64429 0.0262346 0.0694444 0.725379
2 0.361111 0.307099 0.0239198 0.0648148 0.750867
2 0.395448 0.558128 0.0239198 0.0679012 0.752046
2 0.356674 0.641718 0.0243056 0.0684156 0.756116
2 0.360532 0.475566 0.0243056 0.066358 0.757927
2 0.36439 0.393519 0.0243056 0.0709877 0.760734
2 0.356674 0.558899 0.0250772 0.0673868 0.763551
1 0.461034 0.310185 0.316358 0.0833333 0.777354
1 0.455826 0.475823 0.322145 0.0843621 0.787927
2 0.480903 0.309928 0.027392 0.0694444 0.792024
1 0.455826 0.395833 0.326775 0.0838477 0.85491
1 0.462384 0.641204 0.345293 0.093107 0.868488
0 0.23341 0.192387 0.209105 0.0792181 0.915388
2 0.4375 0.64249 0.0486111 0.0823045 0.261496
2 0.438464 0.558899 0.0767747 0.0766461 0.312187
2 0.47936 0.477366 0.124614 0.0771605 0.321193
2 0.483218 0.39429 0.0574846 0.0766461 0.351748
2 0.48071 0.3107 0.0570988 0.0751029 0.406364
1 0.450424 0.557613 0.320602 0.0895062 0.640868
2 0.43615 0.64249 0.0243056 0.0699589 0.66387
2 0.440779 0.476595 0.023534 0.0694444 0.672654
2 0.524884 0.397634 0.0266204 0.06893 0.677817
2 0.400656 0.474794 0.0219907 0.0679012 0.680625
2 0.480324 0.478395 0.0262346 0.0668724 0.700069
2 0.435185 0.559928 0.0262346 0.0684156 0.705853
2 0.521412 0.478138 0.0258488 0.0694444 0.709142
2 0.405286 0.392747 0.0258488 0.0704733 0.715335
2 0.394869 0.641204 0.023534 0.0684156 0.723059
2 0.484568 0.394805 0.0262346 0.0684156 0.724935
2 0.51466 0.64429 0.0262346 0.0694444 0.725379
2 0.361111 0.307099 0.0239198 0.0648148 0.750867
2 0.395448 0.558128 0.0239198 0.0679012 0.752046
2 0.356674 0.641718 0.0243056 0.0684156 0.756116
2 0.360532 0.475566 0.0243056 0.066358 0.757927
2 0.36439 0.393519 0.0243056 0.0709877 0.760734
2 0.356674 0.558899 0.0250772 0.0673868 0.763551
1 0.461034 0.310185 0.316358 0.0833333 0.777354
1 0.455826 0.475823 0.322145 0.0843621 0.787927
2 0.480903 0.309928 0.027392 0.0694444 0.792024
1 0.455826 0.395833 0.326775 0.0838477 0.85491
1 0.462384 0.641204 0.345293 0.093107 0.868488
0 0.23341 0.192387 0.209105 0.0792181 0.915388
2 0.4375 0.64249 0.0486111 0.0823045 0.261496
2 0.438464 0.558899 0.0767747 0.0766461 0.312187
2 0.47936 0.477366 0.124614 0.0771605 0.321193
2 0.483218 0.39429 0.0574846 0.0766461 0.351748
2 0.48071 0.3107 0.0570988 0.0751029 0.406364
1 0.450424 0.557613 0.320602 0.0895062 0.640868
2 0.43615 0.64249 0.0243056 0.0699589 0.66387
2 0.440779 0.476595 0.023534 0.0694444 0.672654
2 0.524884 0.397634 0.0266204 0.06893 0.677817
2 0.400656 0.474794 0.0219907 0.0679012 0.680625
2 0.480324 0.478395 0.0262346 0.0668724 0.700069
2 0.435185 0.559928 0.0262346 0.0684156 0.705853
2 0.521412 0.478138 0.0258488 0.0694444 0.709142
2 0.405286 0.392747 0.0258488 0.0704733 0.715335
2 0.394869 0.641204 0.023534 0.0684156 0.723059
2 0.484568 0.394805 0.0262346 0.0684156 0.724935
2 0.51466 0.64429 0.0262346 0.0694444 0.725379
2 0.361111 0.307099 0.0239198 0.0648148 0.750867
2 0.395448 0.558128 0.0239198 0.0679012 0.752046
2 0.356674 0.641718 0.0243056 0.0684156 0.756116
2 0.360532 0.475566 0.0243056 0.066358 0.757927
2 0.36439 0.393519 0.0243056 0.0709877 0.760734
2 0.356674 0.558899 0.0250772 0.0673868 0.763551
1 0.461034 0.310185 0.316358 0.0833333 0.777354
1 0.455826 0.475823 0.322145 0.0843621 0.787927
2 0.480903 0.309928 0.027392 0.0694444 0.792024
1 0.455826 0.395833 0.326775 0.0838477 0.85491
1 0.462384 0.641204 0.345293 0.093107 0.868488
0 0.23341 0.192387 0.209105 0.0792181 0.915388
2 0.4375 0.64249 0.0486111 0.0823045 0.261496
2 0.438464 0.558899 0.0767747 0.0766461 0.312187
2 0.47936 0.477366 0.124614 0.0771605 0.321193
2 0.483218 0.39429 0.0574846 0.0766461 0.351748
2 0.48071 0.3107 0.0570988 0.0751029 0.406364
1 0.450424 0.557613 0.320602 0.0895062 0.640868
2 0.43615 0.64249 0.0243056 0.0699589 0.66387
2 0.440779 0.476595 0.023534 0.0694444 0.672654
2 0.524884 0.397634 0.0266204 0.06893 0.677817
2 0.400656 0.474794 0.0219907 0.0679012 0.680625
2 0.480324 0.478395 0.0262346 0.0668724 0.700069
2 0.435185 0.559928 0.0262346 0.0684156 0.705853
2 0.521412 0.478138 0.0258488 0.0694444 0.709142
2 0.405286 0.392747 0.0258488 0.0704733 0.715335
2 0.394869 0.641204 0.023534 0.0684156 0.723059
2 0.484568 0.394805 0.0262346 0.0684156 0.724935
2 0.51466 0.64429 0.0262346 0.0694444 0.725379
2 0.361111 0.307099 0.0239198 0.0648148 0.750867
2 0.395448 0.558128 0.0239198 0.0679012 0.752046
2 0.356674 0.641718 0.0243056 0.0684156 0.756116
2 0.360532 0.475566 0.0243056 0.066358 0.757927
2 0.36439 0.393519 0.0243056 0.0709877 0.760734
2 0.356674 0.558899 0.0250772 0.0673868 0.763551
1 0.461034 0.310185 0.316358 0.0833333 0.777354
1 0.455826 0.475823 0.322145 0.0843621 0.787927
2 0.480903 0.309928 0.027392 0.0694444 0.792024
1 0.455826 0.395833 0.326775 0.0838477 0.85491
1 0.462384 0.641204 0.345293 0.093107 0.868488
0 0.23341 0.192387 0.209105 0.0792181 0.915388
2 0.4375 0.64249 0.0486111 0.0823045 0.261496
2 0.438464 0.558899 0.0767747 0.0766461 0.312187
2 0.47936 0.477366 0.124614 0.0771605 0.321193
2 0.483218 0.39429 0.0574846 0.0766461 0.351748
2 0.48071 0.3107 0.0570988 0.0751029 0.406364
1 0.450424 0.557613 0.320602 0.0895062 0.640868
2 0.43615 0.64249 0.0243056 0.0699589 0.66387
2 0.440779 0.476595 0.023534 0.0694444 0.672654
2 0.524884 0.397634 0.0266204 0.06893 0.677817
2 0.400656 0.474794 0.0219907 0.0679012 0.680625
2 0.480324 0.478395 0.0262346 0.0668724 0.700069
2 0.435185 0.559928 0.0262346 0.0684156 0.705853
2 0.521412 0.478138 0.0258488 0.0694444 0.709142
2 0.405286 0.392747 0.0258488 0.0704733 0.715335
2 0.394869 0.641204 0.023534 0.0684156 0.723059
2 0.484568 0.394805 0.0262346 0.0684156 0.724935
2 0.51466 0.64429 0.0262346 0.0694444 0.725379
2 0.361111 0.307099 0.0239198 0.0648148 0.750867
2 0.395448 0.558128 0.0239198 0.0679012 0.752046
2 0.356674 0.641718 0.0243056 0.0684156 0.756116
2 0.360532 0.475566 0.0243056 0.066358 0.757927
2 0.36439 0.393519 0.0243056 0.0709877 0.760734
2 0.356674 0.558899 0.0250772 0.0673868 0.763551
1 0.461034 0.310185 0.316358 0.0833333 0.777354
1 0.455826 0.475823 0.322145 0.0843621 0.787927
2 0.480903 0.309928 0.027392 0.0694444 0.792024
1 0.455826 0.395833 0.326775 0.0838477 0.85491
1 0.462384 0.641204 0.345293 0.093107 0.868488
0 0.23341 0.192387 0.209105 0.0792181 0.915388
2 0.4375 0.64249 0.0486111 0.0823045 0.261496
2 0.438464 0.558899 0.0767747 0.0766461 0.312187
2 0.47936 0.477366 0.124614 0.0771605 0.321193
2 0.483218 0.39429 0.0574846 0.0766461 0.351748
2 0.48071 0.3107 0.0570988 0.0751029 0.406364
1 0.450424 0.557613 0.320602 0.0895062 0.640868
2 0.43615 0.64249 0.0243056 0.0699589 0.66387
2 0.440779 0.476595 0.023534 0.0694444 0.672654
2 0.524884 0.397634 0.0266204 0.06893 0.677817
2 0.400656 0.474794 0.0219907 0.0679012 0.680625
2 0.480324 0.478395 0.0262346 0.0668724 0.700069
2 0.435185 0.559928 0.0262346 0.0684156 0.705853
2 0.521412 0.478138 0.0258488 0.0694444 0.709142
2 0.405286 0.392747 0.0258488 0.0704733 0.715335
2 0.394869 0.641204 0.023534 0.0684156 0.723059
2 0.484568 0.394805 0.0262346 0.0684156 0.724935
2 0.51466 0.64429 0.0262346 0.0694444 0.725379
2 0.361111 0.307099 0.0239198 0.0648148 0.750867
2 0.395448 0.558128 0.0239198 0.0679012 0.752046
2 0.356674 0.641718 0.0243056 0.0684156 0.756116
2 0.360532 0.475566 0.0243056 0.066358 0.757927
2 0.36439 0.393519 0.0243056 0.0709877 0.760734
2 0.356674 0.558899 0.0250772 0.0673868 0.763551
1 0.461034 0.310185 0.316358 0.0833333 0.777354
1 0.455826 0.475823 0.322145 0.0843621 0.787927
2 0.480903 0.309928 0.027392 0.0694444 0.792024
1 0.455826 0.395833 0.326775 0.0838477 0.85491
1 0.462384 0.641204 0.345293 0.093107 0.868488
0 0.23341 0.192387 0.209105 0.0792181 0.915388
2 0.4375 0.64249 0.0486111 0.0823045 0.261496
2 0.438464 0.558899 0.0767747 0.0766461 0.312187
2 0.47936 0.477366 0.124614 0.0771605 0.321193
2 0.483218 0.39429 0.0574846 0.0766461 0.351748
2 0.48071 0.3107 0.0570988 0.0751029 0.406364
1 0.450424 0.557613 0.320602 0.0895062 0.640868
2 0.43615 0.64249 0.0243056 0.0699589 0.66387
2 0.440779 0.476595 0.023534 0.0694444 0.672654
2 0.524884 0.397634 0.0266204 0.06893 0.677817
2 0.400656 0.474794 0.0219907 0.0679012 0.680625
2 0.480324 0.478395 0.0262346 0.0668724 0.700069
2 0.435185 0.559928 0.0262346 0.0684156 0.705853
2 0.521412 0.478138 0.0258488 0.0694444 0.709142
2 0.405286 0.392747 0.0258488 0.0704733 0.715335
2 0.394869 0.641204 0.023534 0.0684156 0.723059
2 0.484568 0.394805 0.0262346 0.0684156 0.724935
2 0.51466 0.64429 0.0262346 0.0694444 0.725379
2 0.361111 0.307099 0.0239198 0.0648148 0.750867
2 0.395448 0.558128 0.0239198 0.0679012 0.752046
2 0.356674 0.641718 0.0243056 0.0684156 0.756116
2 0.360532 0.475566 0.0243056 0.066358 0.757927
2 0.36439 0.393519 0.0243056 0.0709877 0.760734
2 0.356674 0.558899 0.0250772 0.0673868 0.763551
1 0.461034 0.310185 0.316358 0.0833333 0.777354
1 0.455826 0.475823 0.322145 0.0843621 0.787927
2 0.480903 0.309928 0.027392 0.0694444 0.792024
1 0.455826 0.395833 0.326775 0.0838477 0.85491
1 0.462384 0.641204 0.345293 0.093107 0.868488
0 0.23341 0.192387 0.209105 0.0792181 0.915388
2 0.4375 0.64249 0.0486111 0.0823045 0.261496
2 0.438464 0.558899 0.0767747 0.0766461 0.312187
2 0.47936 0.477366 0.124614 0.0771605 0.321193
2 0.483218 0.39429 0.0574846 0.0766461 0.351748
2 0.48071 0.3107 0.0570988 0.0751029 0.406364
1 0.450424 0.557613 0.320602 0.0895062 0.640868
2 0.43615 0.64249 0.0243056 0.0699589 0.66387
2 0.440779 0.476595 0.023534 0.0694444 0.672654
2 0.524884 0.397634 0.0266204 0.06893 0.677817
2 0.400656 0.474794 0.0219907 0.0679012 0.680625
2 0.480324 0.478395 0.0262346 0.0668724 0.700069
2 0.435185 0.559928 0.0262346 0.0684156 0.705853
2 0.521412 0.478138 0.0258488 0.0694444 0.709142
2 0.405286 0.392747 0.0258488 0.0704733 0.715335
2 0.394869 0.641204 0.023534 0.0684156 0.723059
2 0.484568 0.394805 0.0262346 0.0684156 0.724935
2 0.51466 0.64429 0.0262346 0.0694444 0.725379
2 0.361111 0.307099 0.0239198 0.0648148 0.750867
2 0.395448 0.558128 0.0239198 0.0679012 0.752046
2 0.356674 0.641718 0.0243056 0.0684156 0.756116
2 0.360532 0.475566 0.0243056 0.066358 0.757927
2 0.36439 0.393519 0.0243056 0.0709877 0.760734
2 0.356674 0.558899 0.0250772 0.0673868 0.763551
1 0.461034 0.310185 0.316358 0.0833333 0.777354
1 0.455826 0.475823 0.322145 0.0843621 0.787927
2 0.480903 0.309928 0.027392 0.0694444 0.792024
1 0.455826 0.395833 0.326775 0.0838477 0.85491
1 0.462384 0.641204 0.345293 0.093107 0.868488
0 0.23341 0.192387 0.209105 0.0792181 0.915388
2 0.4375 0.64249 0.0486111 0.0823045 0.261496
2 0.438464 0.558899 0.0767747 0.0766461 0.312187
2 0.47936 0.477366 0.124614 0.0771605 0.321193
2 0.483218 0.39429 0.0574846 0.0766461 0.351748
2 0.48071 0.3107 0.0570988 0.0751029 0.406364
1 0.450424 0.557613 0.320602 0.0895062 0.640868
2 0.43615 0.64249 0.0243056 0.0699589 0.66387
2 0.440779 0.476595 0.023534 0.0694444 0.672654
2 0.524884 0.397634 0.0266204 0.06893 0.677817
2 0.400656 0.474794 0.0219907 0.0679012 0.680625
2 0.480324 0.478395 0.0262346 0.0668724 0.700069
2 0.435185 0.559928 0.0262346 0.0684156 0.705853
2 0.521412 0.478138 0.0258488 0.0694444 0.709142
2 0.405286 0.392747 0.0258488 0.0704733 0.715335
2 0.394869 0.641204 0.023534 0.0684156 0.723059
2 0.484568 0.394805 0.0262346 0.0684156 0.724935
2 0.51466 0.64429 0.0262346 0.0694444 0.725379
2 0.361111 0.307099 0.0239198 0.0648148 0.750867
2 0.395448 0.558128 0.0239198 0.0679012 0.752046
2 0.356674 0.641718 0.0243056 0.0684156 0.756116
2 0.360532 0.475566 0.0243056 0.066358 0.757927
2 0.36439 0.393519 0.0243056 0.0709877 0.760734
2 0.356674 0.558899 0.0250772 0.0673868 0.763551
1 0.461034 0.310185 0.316358 0.0833333 0.777354
1 0.455826 0.475823 0.322145 0.0843621 0.787927
2 0.480903 0.309928 0.027392 0.0694444 0.792024
1 0.455826 0.395833 0.326775 0.0838477 0.85491
1 0.462384 0.641204 0.345293 0.093107 0.868488
0 0.23341 0.192387 0.209105 0.0792181 0.915388
1 0.450424 0.557613 0.320602 0.0895062 0.640868
2 0.43615 0.64249 0.0243056 0.0699589 0.66387
2 0.440779 0.476595 0.023534 0.0694444 0.672654
2 0.524884 0.397634 0.0266204 0.06893 0.677817
2 0.400656 0.474794 0.0219907 0.0679012 0.680625
2 0.480324 0.478395 0.0262346 0.0668724 0.700069
2 0.435185 0.559928 0.0262346 0.0684156 0.705853
2 0.521412 0.478138 0.0258488 0.0694444 0.709142
2 0.405286 0.392747 0.0258488 0.0704733 0.715335
2 0.394869 0.641204 0.023534 0.0684156 0.723059
2 0.484568 0.394805 0.0262346 0.0684156 0.724935
2 0.51466 0.64429 0.0262346 0.0694444 0.725379
2 0.361111 0.307099 0.0239198 0.0648148 0.750867
2 0.395448 0.558128 0.0239198 0.0679012 0.752046
2 0.356674 0.641718 0.0243056 0.0684156 0.756116
2 0.360532 0.475566 0.0243056 0.066358 0.757927
2 0.36439 0.393519 0.0243056 0.0709877 0.760734
2 0.356674 0.558899 0.0250772 0.0673868 0.763551
1 0.461034 0.310185 0.316358 0.0833333 0.777354
1 0.455826 0.475823 0.322145 0.0843621 0.787927
2 0.480903 0.309928 0.027392 0.0694444 0.792024
1 0.455826 0.395833 0.326775 0.0838477 0.85491
1 0.462384 0.641204 0.345293 0.093107 0.868488
0 0.23341 0.192387 0.209105 0.0792181 0.915388
