2 0.38098 0.385031 0.0405093 0.0776749 0.289601
2 0.481481 0.476852 0.197531 0.0884774 0.290326
2 0.486304 0.38606 0.115355 0.0735597 0.295188
2 0.441937 0.555556 0.170139 0.0781893 0.295702
2 0.439236 0.639403 0.197917 0.0833333 0.30075
1 0.459105 0.552726 0.330247 0.0807613 0.624607
2 0.397569 0.637088 0.023534 0.0673868 0.684281
2 0.400849 0.553755 0.0239198 0.0694444 0.699179
2 0.483989 0.471708 0.0243056 0.0720165 0.702805
2 0.4049 0.470936 0.0227623 0.066358 0.714124
2 0.445216 0.471193 0.0246914 0.0668724 0.714569
2 0.525077 0.473508 0.0277778 0.0684156 0.717783
2 0.439043 0.637603 0.0262346 0.0694444 0.723809
2 0.408951 0.385288 0.025463 0.0730453 0.72788
2 0.489005 0.387346 0.0281636 0.0648148 0.733796
2 0.517554 0.639918 0.0258488 0.0699589 0.734386
2 0.364198 0.468879 0.025463 0.0673868 0.736569
2 0.530093 0.388117 0.0262346 0.066358 0.74138
1 0.463156 0.308385 0.31983 0.0807613 0.745122
2 0.440779 0.554012 0.027392 0.06893 0.749778
2 0.358603 0.636831 0.0243056 0.0679012 0.760534
2 0.360147 0.55427 0.023534 0.0684156 0.761805
2 0.369599 0.384774 0.0270062 0.0679012 0.768705
2 0.366512 0.303498 0.0239198 0.0668724 0.771176
2 0.485147 0.306584 0.0289352 0.0679012 0.794589
1 0.457948 0.389918 0.329475 0.0884774 0.807926
1 0.464506 0.636831 0.338735 0.0874486 0.822082
1 0.459877 0.472479 0.330247 0.0848765 0.844957
0 0.232253 0.178755 0.207562 0.0787037 0.890095
2 0.38098 0.385031 0.0405093 0.0776749 0.289601
2 0.481481 0.476852 0.197531 0.0884774 0.290326
2 0.486304 0.38606 0.115355 0.0735597 0.295188
2 0.441937 0.555556 0.170139 0.0781893 0.295702
2 0.439236 0.639403 0.197917 0.0833333 0.30075
1 0.459105 0.552726 0.330247 0.0807613 0.624607
2 0.397569 0.637088 0.023534 0.0673868 0.684281
2 0.400849 0.553755 0.0239198 0.0694444 0.699179
2 0.483989 0.471708 0.0243056 0.0720165 0.702805
2 0.4049 0.470936 0.0227623 0.066358 0.714124
2 0.445216 0.471193 0.0246914 0.0668724 0.714569
2 0.525077 0.473508 0.0277778 0.0684156 0.717783
2 0.439043 0.637603 0.0262346 0.0694444 0.723809
2 0.408951 0.385288 0.025463 0.0730453 0.72788
2 0.489005 0.387346 0.0281636 0.0648148 0.733796
2 0.517554 0.639918 0.0258488 0.0699589 0.734386
2 0.364198 0.468879 0.025463 0.0673868 0.736569
2 0.530093 0.388117 0.0262346 0.066358 0.74138
1 0.463156 0.308385 0.31983 0.0807613 0.745122
2 0.440779 0.554012 0.027392 0.06893 0.749778
2 0.358603 0.636831 0.0243056 0.0679012 0.760534
2 0.360147 0.55427 0.023534 0.0684156 0.761805
2 0.369599 0.384774 0.0270062 0.0679012 0.768705
2 0.366512 0.303498 0.0239198 0.0668724 0.771176
2 0.485147 0.306584 0.0289352 0.0679012 0.794589
1 0.457948 0.389918 0.329475 0.0884774 0.807926
1 0.464506 0.636831 0.338735 0.0874486 0.822082
1 0.459877 0.472479 0.330247 0.0848765 0.844957
0 0.232253 0.178755 0.207562 0.0787037 0.890095
2 0.38098 0.385031 0.0405093 0.0776749 0.289601
2 0.481481 0.476852 0.197531 0.0884774 0.290326
2 0.486304 0.38606 0.115355 0.0735597 0.295188
2 0.441937 0.555556 0.170139 0.0781893 0.295702
2 0.439236 0.639403 0.197917 0.0833333 0.30075
1 0.459105 0.552726 0.330247 0.0807613 0.624607
2 0.397569 0.637088 0.023534 0.0673868 0.684281
2 0.400849 0.553755 0.0239198 0.0694444 0.699179
2 0.483989 0.471708 0.0243056 0.0720165 0.702805
2 0.4049 0.470936 0.0227623 0.066358 0.714124
2 0.445216 0.471193 0.0246914 0.0668724 0.714569
2 0.525077 0.473508 0.0277778 0.0684156 0.717783
2 0.439043 0.637603 0.0262346 0.0694444 0.723809
2 0.408951 0.385288 0.025463 0.0730453 0.72788
2 0.489005 0.387346 0.0281636 0.0648148 0.733796
2 0.517554 0.639918 0.0258488 0.0699589 0.734386
2 0.364198 0.468879 0.025463 0.0673868 0.736569
2 0.530093 0.388117 0.0262346 0.066358 0.74138
1 0.463156 0.308385 0.31983 0.0807613 0.745122
2 0.440779 0.554012 0.027392 0.06893 0.749778
2 0.358603 0.636831 0.0243056 0.0679012 0.760534
2 0.360147 0.55427 0.023534 0.0684156 0.761805
2 0.369599 0.384774 0.0270062 0.0679012 0.768705
2 0.366512 0.303498 0.0239198 0.0668724 0.771176
2 0.485147 0.306584 0.0289352 0.0679012 0.794589
1 0.457948 0.389918 0.329475 0.0884774 0.807926
1 0.464506 0.636831 0.338735 0.0874486 0.822082
1 0.459877 0.472479 0.330247 0.0848765 0.844957
0 0.232253 0.178755 0.207562 0.0787037 0.890095
2 0.38098 0.385031 0.0405093 0.0776749 0.289601
2 0.481481 0.476852 0.197531 0.0884774 0.290326
2 0.486304 0.38606 0.115355 0.0735597 0.295188
2 0.441937 0.555556 0.170139 0.0781893 0.295702
2 0.439236 0.639403 0.197917 0.0833333 0.30075
1 0.459105 0.552726 0.330247 0.0807613 0.624607
2 0.397569 0.637088 0.023534 0.0673868 0.684281
2 0.400849 0.553755 0.0239198 0.0694444 0.699179
2 0.483989 0.471708 0.0243056 0.0720165 0.702805
2 0.4049 0.470936 0.0227623 0.066358 0.714124
2 0.445216 0.471193 0.0246914 0.0668724 0.714569
2 0.525077 0.473508 0.0277778 0.0684156 0.717783
2 0.439043 0.637603 0.0262346 0.0694444 0.723809
2 0.408951 0.385288 0.025463 0.0730453 0.72788
2 0.489005 0.387346 0.0281636 0.0648148 0.733796
2 0.517554 0.639918 0.0258488 0.0699589 0.734386
2 0.364198 0.468879 0.025463 0.0673868 0.736569
2 0.530093 0.388117 0.0262346 0.066358 0.74138
1 0.463156 0.308385 0.31983 0.0807613 0.745122
2 0.440779 0.554012 0.027392 0.06893 0.749778
2 0.358603 0.636831 0.0243056 0.0679012 0.760534
2 0.360147 0.55427 0.023534 0.0684156 0.761805
2 0.369599 0.384774 0.0270062 0.0679012 0.768705
2 0.366512 0.303498 0.0239198 0.0668724 0.771176
2 0.485147 0.306584 0.0289352 0.0679012 0.794589
1 0.457948 0.389918 0.329475 0.0884774 0.807926
1 0.464506 0.636831 0.338735 0.0874486 0.822082
1 0.459877 0.472479 0.330247 0.0848765 0.844957
0 0.232253 0.178755 0.207562 0.0787037 0.890095
2 0.38098 0.385031 0.0405093 0.0776749 0.289601
2 0.481481 0.476852 0.197531 0.0884774 0.290326
2 0.486304 0.38606 0.115355 0.0735597 0.295188
2 0.441937 0.555556 0.170139 0.0781893 0.295702
2 0.439236 0.639403 0.197917 0.0833333 0.30075
1 0.459105 0.552726 0.330247 0.0807613 0.624607
2 0.397569 0.637088 0.023534 0.0673868 0.684281
2 0.400849 0.553755 0.0239198 0.0694444 0.699179
2 0.483989 0.471708 0.0243056 0.0720165 0.702805
2 0.4049 0.470936 0.0227623 0.066358 0.714124
2 0.445216 0.471193 0.0246914 0.0668724 0.714569
2 0.525077 0.473508 0.0277778 0.0684156 0.717783
2 0.439043 0.637603 0.0262346 0.0694444 0.723809
2 0.408951 0.385288 0.025463 0.0730453 0.72788
2 0.489005 0.387346 0.0281636 0.0648148 0.733796
2 0.517554 0.639918 0.0258488 0.0699589 0.734386
2 0.364198 0.468879 0.025463 0.0673868 0.736569
2 0.530093 0.388117 0.0262346 0.066358 0.74138
1 0.463156 0.308385 0.31983 0.0807613 0.745122
2 0.440779 0.554012 0.027392 0.06893 0.749778
2 0.358603 0.636831 0.0243056 0.0679012 0.760534
2 0.360147 0.55427 0.023534 0.0684156 0.761805
2 0.369599 0.384774 0.0270062 0.0679012 0.768705
2 0.366512 0.303498 0.0239198 0.0668724 0.771176
2 0.485147 0.306584 0.0289352 0.0679012 0.794589
1 0.457948 0.389918 0.329475 0.0884774 0.807926
1 0.464506 0.636831 0.338735 0.0874486 0.822082
1 0.459877 0.472479 0.330247 0.0848765 0.844957
0 0.232253 0.178755 0.207562 0.0787037 0.890095
2 0.38098 0.385031 0.0405093 0.0776749 0.289601
2 0.481481 0.476852 0.197531 0.0884774 0.290326
2 0.486304 0.38606 0.115355 0.0735597 0.295188
2 0.441937 0.555556 0.170139 0.0781893 0.295702
2 0.439236 0.639403 0.197917 0.0833333 0.30075
1 0.459105 0.552726 0.330247 0.0807613 0.624607
2 0.397569 0.637088 0.023534 0.0673868 0.684281
2 0.400849 0.553755 0.0239198 0.0694444 0.699179
2 0.483989 0.471708 0.0243056 0.0720165 0.702805
2 0.4049 0.470936 0.0227623 0.066358 0.714124
2 0.445216 0.471193 0.0246914 0.0668724 0.714569
2 0.525077 0.473508 0.0277778 0.0684156 0.717783
2 0.439043 0.637603 0.0262346 0.0694444 0.723809
2 0.408951 0.385288 0.025463 0.0730453 0.72788
2 0.489005 0.387346 0.0281636 0.0648148 0.733796
2 0.517554 0.639918 0.0258488 0.0699589 0.734386
2 0.364198 0.468879 0.025463 0.0673868 0.736569
2 0.530093 0.388117 0.0262346 0.066358 0.74138
1 0.463156 0.308385 0.31983 0.0807613 0.745122
2 0.440779 0.554012 0.027392 0.06893 0.749778
2 0.358603 0.636831 0.0243056 0.0679012 0.760534
2 0.360147 0.55427 0.023534 0.0684156 0.761805
2 0.369599 0.384774 0.0270062 0.0679012 0.768705
2 0.366512 0.303498 0.0239198 0.0668724 0.771176
2 0.485147 0.306584 0.0289352 0.0679012 0.794589
1 0.457948 0.389918 0.329475 0.0884774 0.807926
1 0.464506 0.636831 0.338735 0.0874486 0.822082
1 0.459877 0.472479 0.330247 0.0848765 0.844957
0 0.232253 0.178755 0.207562 0.0787037 0.890095
2 0.38098 0.385031 0.0405093 0.0776749 0.289601
2 0.481481 0.476852 0.197531 0.0884774 0.290326
2 0.486304 0.38606 0.115355 0.0735597 0.295188
2 0.441937 0.555556 0.170139 0.0781893 0.295702
2 0.439236 0.639403 0.197917 0.0833333 0.30075
1 0.459105 0.552726 0.330247 0.0807613 0.624607
2 0.397569 0.637088 0.023534 0.0673868 0.684281
2 0.400849 0.553755 0.0239198 0.0694444 0.699179
2 0.483989 0.471708 0.0243056 0.0720165 0.702805
2 0.4049 0.470936 0.0227623 0.066358 0.714124
2 0.445216 0.471193 0.0246914 0.0668724 0.714569
2 0.525077 0.473508 0.0277778 0.0684156 0.717783
2 0.439043 0.637603 0.0262346 0.0694444 0.723809
2 0.408951 0.385288 0.025463 0.0730453 0.72788
2 0.489005 0.387346 0.0281636 0.0648148 0.733796
2 0.517554 0.639918 0.0258488 0.0699589 0.734386
2 0.364198 0.468879 0.025463 0.0673868 0.736569
2 0.530093 0.388117 0.0262346 0.066358 0.74138
1 0.463156 0.308385 0.31983 0.0807613 0.745122
2 0.440779 0.554012 0.027392 0.06893 0.749778
2 0.358603 0.636831 0.0243056 0.0679012 0.760534
2 0.360147 0.55427 0.023534 0.0684156 0.761805
2 0.369599 0.384774 0.0270062 0.0679012 0.768705
2 0.366512 0.303498 0.0239198 0.0668724 0.771176
2 0.485147 0.306584 0.0289352 0.0679012 0.794589
1 0.457948 0.389918 0.329475 0.0884774 0.807926
1 0.464506 0.636831 0.338735 0.0874486 0.822082
1 0.459877 0.472479 0.330247 0.0848765 0.844957
0 0.232253 0.178755 0.207562 0.0787037 0.890095
2 0.38098 0.385031 0.0405093 0.0776749 0.289601
2 0.481481 0.476852 0.197531 0.0884774 0.290326
2 0.486304 0.38606 0.115355 0.0735597 0.295188
2 0.441937 0.555556 0.170139 0.0781893 0.295702
2 0.439236 0.639403 0.197917 0.0833333 0.30075
1 0.459105 0.552726 0.330247 0.0807613 0.624607
2 0.397569 0.637088 0.023534 0.0673868 0.684281
2 0.400849 0.553755 0.0239198 0.0694444 0.699179
2 0.483989 0.471708 0.0243056 0.0720165 0.702805
2 0.4049 0.470936 0.0227623 0.066358 0.714124
2 0.445216 0.471193 0.0246914 0.0668724 0.714569
2 0.525077 0.473508 0.0277778 0.0684156 0.717783
2 0.439043 0.637603 0.0262346 0.0694444 0.723809
2 0.408951 0.385288 0.025463 0.0730453 0.72788
2 0.489005 0.387346 0.0281636 0.0648148 0.733796
2 0.517554 0.639918 0.0258488 0.0699589 0.734386
2 0.364198 0.468879 0.025463 0.0673868 0.736569
2 0.530093 0.388117 0.0262346 0.066358 0.74138
1 0.463156 0.308385 0.31983 0.0807613 0.745122
2 0.440779 0.554012 0.027392 0.06893 0.749778
2 0.358603 0.636831 0.0243056 0.0679012 0.760534
2 0.360147 0.55427 0.023534 0.0684156 0.761805
2 0.369599 0.384774 0.0270062 0.0679012 0.768705
2 0.366512 0.303498 0.0239198 0.0668724 0.771176
2 0.485147 0.306584 0.0289352 0.0679012 0.794589
1 0.457948 0.389918 0.329475 0.0884774 0.807926
1 0.464506 0.636831 0.338735 0.0874486 0.822082
1 0.459877 0.472479 0.330247 0.0848765 0.844957
0 0.232253 0.178755 0.207562 0.0787037 0.890095
2 0.38098 0.385031 0.0405093 0.0776749 0.289601
2 0.481481 0.476852 0.197531 0.0884774 0.290326
2 0.486304 0.38606 0.115355 0.0735597 0.295188
2 0.441937 0.555556 0.170139 0.0781893 0.295702
2 0.439236 0.639403 0.197917 0.0833333 0.30075
1 0.459105 0.552726 0.330247 0.0807613 0.624607
2 0.397569 0.637088 0.023534 0.0673868 0.684281
2 0.400849 0.553755 0.0239198 0.0694444 0.699179
2 0.483989 0.471708 0.0243056 0.0720165 0.702805
2 0.4049 0.470936 0.0227623 0.066358 0.714124
2 0.445216 0.471193 0.0246914 0.0668724 0.714569
2 0.525077 0.473508 0.0277778 0.0684156 0.717783
2 0.439043 0.637603 0.0262346 0.0694444 0.723809
2 0.408951 0.385288 0.025463 0.0730453 0.72788
2 0.489005 0.387346 0.0281636 0.0648148 0.733796
2 0.517554 0.639918 0.0258488 0.0699589 0.734386
2 0.364198 0.468879 0.025463 0.0673868 0.736569
2 0.530093 0.388117 0.0262346 0.066358 0.74138
1 0.463156 0.308385 0.31983 0.0807613 0.745122
2 0.440779 0.554012 0.027392 0.06893 0.749778
2 0.358603 0.636831 0.0243056 0.0679012 0.760534
2 0.360147 0.55427 0.023534 0.0684156 0.761805
2 0.369599 0.384774 0.0270062 0.0679012 0.768705
2 0.366512 0.303498 0.0239198 0.0668724 0.771176
2 0.485147 0.306584 0.0289352 0.0679012 0.794589
1 0.457948 0.389918 0.329475 0.0884774 0.807926
1 0.464506 0.636831 0.338735 0.0874486 0.822082
1 0.459877 0.472479 0.330247 0.0848765 0.844957
0 0.232253 0.178755 0.207562 0.0787037 0.890095
2 0.38098 0.385031 0.0405093 0.0776749 0.289601
2 0.481481 0.476852 0.197531 0.0884774 0.290326
2 0.486304 0.38606 0.115355 0.0735597 0.295188
2 0.441937 0.555556 0.170139 0.0781893 0.295702
2 0.439236 0.639403 0.197917 0.0833333 0.30075
1 0.459105 0.552726 0.330247 0.0807613 0.624607
2 0.397569 0.637088 0.023534 0.0673868 0.684281
2 0.400849 0.553755 0.0239198 0.0694444 0.699179
2 0.483989 0.471708 0.0243056 0.0720165 0.702805
2 0.4049 0.470936 0.0227623 0.066358 0.714124
2 0.445216 0.471193 0.0246914 0.0668724 0.714569
2 0.525077 0.473508 0.0277778 0.0684156 0.717783
2 0.439043 0.637603 0.0262346 0.0694444 0.723809
2 0.408951 0.385288 0.025463 0.0730453 0.72788
2 0.489005 0.387346 0.0281636 0.0648148 0.733796
2 0.517554 0.639918 0.0258488 0.0699589 0.734386
2 0.364198 0.468879 0.025463 0.0673868 0.736569
2 0.530093 0.388117 0.0262346 0.066358 0.74138
1 0.463156 0.308385 0.31983 0.0807613 0.745122
2 0.440779 0.554012 0.027392 0.06893 0.749778
2 0.358603 0.636831 0.0243056 0.0679012 0.760534
2 0.360147 0.55427 0.023534 0.0684156 0.761805
2 0.369599 0.384774 0.0270062 0.0679012 0.768705
2 0.366512 0.303498 0.0239198 0.0668724 0.771176
2 0.485147 0.306584 0.0289352 0.0679012 0.794589
1 0.457948 0.389918 0.329475 0.0884774 0.807926
1 0.464506 0.636831 0.338735 0.0874486 0.822082
1 0.459877 0.472479 0.330247 0.0848765 0.844957
0 0.232253 0.178755 0.207562 0.0787037 0.890095
2 0.38098 0.385031 0.0405093 0.0776749 0.289601
2 0.481481 0.476852 0.197531 0.0884774 0.290326
2 0.486304 0.38606 0.115355 0.0735597 0.295188
2 0.441937 0.555556 0.170139 0.0781893 0.295702
2 0.439236 0.639403 0.197917 0.0833333 0.30075
1 0.459105 0.552726 0.330247 0.0807613 0.624607
2 0.397569 0.637088 0.023534 0.0673868 0.684281
2 0.400849 0.553755 0.0239198 0.0694444 0.699179
2 0.483989 0.471708 0.0243056 0.0720165 0.702805
2 0.4049 0.470936 0.0227623 0.066358 0.714124
2 0.445216 0.471193 0.0246914 0.0668724 0.714569
2 0.525077 0.473508 0.0277778 0.0684156 0.717783
2 0.439043 0.637603 0.0262346 0.0694444 0.723809
2 0.408951 0.385288 0.025463 0.0730453 0.72788
2 0.489005 0.387346 0.0281636 0.0648148 0.733796
2 0.517554 0.639918 0.0258488 0.0699589 0.734386
2 0.364198 0.468879 0.025463 0.0673868 0.736569
2 0.530093 0.388117 0.0262346 0.066358 0.74138
1 0.463156 0.308385 0.31983 0.0807613 0.745122
2 0.440779 0.554012 0.027392 0.06893 0.749778
2 0.358603 0.636831 0.0243056 0.0679012 0.760534
2 0.360147 0.55427 0.023534 0.0684156 0.761805
2 0.369599 0.384774 0.0270062 0.0679012 0.768705
2 0.366512 0.303498 0.0239198 0.0668724 0.771176
2 0.485147 0.306584 0.0289352 0.0679012 0.794589
1 0.457948 0.389918 0.329475 0.0884774 0.807926
1 0.464506 0.636831 0.338735 0.0874486 0.822082
1 0.459877 0.472479 0.330247 0.0848765 0.844957
0 0.232253 0.178755 0.207562 0.0787037 0.890095
2 0.38098 0.385031 0.0405093 0.0776749 0.289601
2 0.481481 0.476852 0.197531 0.0884774 0.290326
2 0.486304 0.38606 0.115355 0.0735597 0.295188
2 0.441937 0.555556 0.170139 0.0781893 0.295702
2 0.439236 0.639403 0.197917 0.0833333 0.30075
1 0.459105 0.552726 0.330247 0.0807613 0.624607
2 0.397569 0.637088 0.023534 0.0673868 0.684281
2 0.400849 0.553755 0.0239198 0.0694444 0.699179
2 0.483989 0.471708 0.0243056 0.0720165 0.702805
2 0.4049 0.470936 0.0227623 0.066358 0.714124
2 0.445216 0.471193 0.0246914 0.0668724 0.714569
2 0.525077 0.473508 0.0277778 0.0684156 0.717783
2 0.439043 0.637603 0.0262346 0.0694444 0.723809
2 0.408951 0.385288 0.025463 0.0730453 0.72788
2 0.489005 0.387346 0.0281636 0.0648148 0.733796
2 0.517554 0.639918 0.0258488 0.0699589 0.734386
2 0.364198 0.468879 0.025463 0.0673868 0.736569
2 0.530093 0.388117 0.0262346 0.066358 0.74138
1 0.463156 0.308385 0.31983 0.0807613 0.745122
2 0.440779 0.554012 0.027392 0.06893 0.749778
2 0.358603 0.636831 0.0243056 0.0679012 0.760534
2 0.360147 0.55427 0.023534 0.0684156 0.761805
2 0.369599 0.384774 0.0270062 0.0679012 0.768705
2 0.366512 0.303498 0.0239198 0.0668724 0.771176
2 0.485147 0.306584 0.0289352 0.0679012 0.794589
1 0.457948 0.389918 0.329475 0.0884774 0.807926
1 0.464506 0.636831 0.338735 0.0874486 0.822082
1 0.459877 0.472479 0.330247 0.0848765 0.844957
0 0.232253 0.178755 0.207562 0.0787037 0.890095
2 0.38098 0.385031 0.0405093 0.0776749 0.289601
2 0.481481 0.476852 0.197531 0.0884774 0.290326
2 0.486304 0.38606 0.115355 0.0735597 0.295188
2 0.441937 0.555556 0.170139 0.0781893 0.295702
2 0.439236 0.639403 0.197917 0.0833333 0.30075
1 0.459105 0.552726 0.330247 0.0807613 0.624607
2 0.397569 0.637088 0.023534 0.0673868 0.684281
2 0.400849 0.553755 0.0239198 0.0694444 0.699179
2 0.483989 0.471708 0.0243056 0.0720165 0.702805
2 0.4049 0.470936 0.0227623 0.066358 0.714124
2 0.445216 0.471193 0.0246914 0.0668724 0.714569
2 0.525077 0.473508 0.0277778 0.0684156 0.717783
2 0.439043 0.637603 0.0262346 0.0694444 0.723809
2 0.408951 0.385288 0.025463 0.0730453 0.72788
2 0.489005 0.387346 0.0281636 0.0648148 0.733796
2 0.517554 0.639918 0.0258488 0.0699589 0.734386
2 0.364198 0.468879 0.025463 0.0673868 0.736569
2 0.530093 0.388117 0.0262346 0.066358 0.74138
1 0.463156 0.308385 0.31983 0.0807613 0.745122
2 0.440779 0.554012 0.027392 0.06893 0.749778
2 0.358603 0.636831 0.0243056 0.0679012 0.760534
2 0.360147 0.55427 0.023534 0.0684156 0.761805
2 0.369599 0.384774 0.0270062 0.0679012 0.768705
2 0.366512 0.303498 0.0239198 0.0668724 0.771176
2 0.485147 0.306584 0.0289352 0.0679012 0.794589
1 0.457948 0.389918 0.329475 0.0884774 0.807926
1 0.464506 0.636831 0.338735 0.0874486 0.822082
1 0.459877 0.472479 0.330247 0.0848765 0.844957
0 0.232253 0.178755 0.207562 0.0787037 0.890095
2 0.38098 0.385031 0.0405093 0.0776749 0.289601
2 0.481481 0.476852 0.197531 0.0884774 0.290326
2 0.486304 0.38606 0.115355 0.0735597 0.295188
2 0.441937 0.555556 0.170139 0.0781893 0.295702
2 0.439236 0.639403 0.197917 0.0833333 0.30075
1 0.459105 0.552726 0.330247 0.0807613 0.624607
2 0.397569 0.637088 0.023534 0.0673868 0.684281
2 0.400849 0.553755 0.0239198 0.0694444 0.699179
2 0.483989 0.471708 0.0243056 0.0720165 0.702805
2 0.4049 0.470936 0.0227623 0.066358 0.714124
2 0.445216 0.471193 0.0246914 0.0668724 0.714569
2 0.525077 0.473508 0.0277778 0.0684156 0.717783
2 0.439043 0.637603 0.0262346 0.0694444 0.723809
2 0.408951 0.385288 0.025463 0.0730453 0.72788
2 0.489005 0.387346 0.0281636 0.0648148 0.733796
2 0.517554 0.639918 0.0258488 0.0699589 0.734386
2 0.364198 0.468879 0.025463 0.0673868 0.736569
2 0.530093 0.388117 0.0262346 0.066358 0.74138
1 0.463156 0.308385 0.31983 0.0807613 0.745122
2 0.440779 0.554012 0.027392 0.06893 0.749778
2 0.358603 0.636831 0.0243056 0.0679012 0.760534
2 0.360147 0.55427 0.023534 0.0684156 0.761805
2 0.369599 0.384774 0.0270062 0.0679012 0.768705
2 0.366512 0.303498 0.0239198 0.0668724 0.771176
2 0.485147 0.306584 0.0289352 0.0679012 0.794589
1 0.457948 0.389918 0.329475 0.0884774 0.807926
1 0.464506 0.636831 0.338735 0.0874486 0.822082
1 0.459877 0.472479 0.330247 0.0848765 0.844957
0 0.232253 0.178755 0.207562 0.0787037 0.890095
1 0.459105 0.552726 0.330247 0.0807613 0.624607
2 0.397569 0.637088 0.023534 0.0673868 0.684281
2 0.400849 0.553755 0.0239198 0.0694444 0.699179
2 0.483989 0.471708 0.0243056 0.0720165 0.702805
2 0.4049 0.470936 0.0227623 0.066358 0.714124
2 0.445216 0.471193 0.0246914 0.0668724 0.714569
2 0.525077 0.473508 0.0277778 0.0684156 0.717783
2 0.439043 0.637603 0.0262346 0.0694444 0.723809
2 0.408951 0.385288 0.025463 0.0730453 0.72788
2 0.489005 0.387346 0.0281636 0.0648148 0.733796
2 0.517554 0.639918 0.0258488 0.0699589 0.734386
2 0.364198 0.468879 0.025463 0.0673868 0.736569
2 0.530093 0.388117 0.0262346 0.066358 0.74138
1 0.463156 0.308385 0.31983 0.0807613 0.745122
2 0.440779 0.554012 0.027392 0.06893 0.749778
2 0.358603 0.636831 0.0243056 0.0679012 0.760534
2 0.360147 0.55427 0.023534 0.0684156 0.761805
2 0.369599 0.384774 0.0270062 0.0679012 0.768705
2 0.366512 0.303498 0.0239198 0.0668724 0.771176
2 0.485147 0.306584 0.0289352 0.0679012 0.794589
1 0.457948 0.389918 0.329475 0.0884774 0.807926
1 0.464506 0.636831 0.338735 0.0874486 0.822082
1 0.459877 0.472479 0.330247 0.0848765 0.844957
0 0.232253 0.178755 0.207562 0.0787037 0.890095
