2 0.441165 0.554527 0.22338 0.0792181 0.258471
2 0.439622 0.63966 0.221836 0.0828189 0.267669
2 0.439429 0.636831 0.0563272 0.0751029 0.301102
2 0.484182 0.307099 0.0648148 0.0709877 0.363036
2 0.482446 0.387346 0.0760031 0.0771605 0.394225
2 0.399691 0.553241 0.0239198 0.066358 0.635924
2 0.445795 0.470936 0.0243056 0.066358 0.640809
2 0.39892 0.636831 0.0239198 0.0648148 0.663818
2 0.485918 0.47428 0.0212191 0.0709877 0.688434
1 0.460069 0.552469 0.330633 0.0802469 0.689502
2 0.52392 0.388632 0.0270062 0.0673868 0.708671
2 0.405093 0.385802 0.0246914 0.0730453 0.709889
2 0.405864 0.470679 0.0208333 0.06893 0.712132
2 0.526813 0.473765 0.0266204 0.0699589 0.712354
2 0.520062 0.641204 0.0277778 0.0725309 0.716179
2 0.439043 0.553755 0.0270062 0.0673868 0.718646
2 0.439622 0.637346 0.0250772 0.0679012 0.72547
2 0.359568 0.637088 0.0231481 0.0684156 0.7394
2 0.367477 0.469907 0.0243056 0.0643004 0.746015
2 0.358603 0.553241 0.0227623 0.0673868 0.748386
2 0.363619 0.38606 0.0227623 0.0704733 0.74899
1 0.462191 0.307613 0.311728 0.0802469 0.758534
2 0.365934 0.30427 0.0227623 0.0653292 0.773773
2 0.483796 0.388117 0.025463 0.0684156 0.784137
2 0.483989 0.307099 0.0281636 0.0668724 0.792698
1 0.46412 0.636574 0.340278 0.087963 0.821727
1 0.455633 0.389661 0.330247 0.0859054 0.831727
1 0.461998 0.472222 0.333719 0.0833333 0.85835
0 0.233025 0.185442 0.207562 0.0797325 0.89607
2 0.441165 0.554527 0.22338 0.0792181 0.258471
2 0.439622 0.63966 0.221836 0.0828189 0.267669
2 0.439429 0.636831 0.0563272 0.0751029 0.301102
2 0.484182 0.307099 0.0648148 0.0709877 0.363036
2 0.482446 0.387346 0.0760031 0.0771605 0.394225
2 0.399691 0.553241 0.0239198 0.066358 0.635924
2 0.445795 0.470936 0.0243056 0.066358 0.640809
2 0.39892 0.636831 0.0239198 0.0648148 0.663818
2 0.485918 0.47428 0.0212191 0.0709877 0.688434
1 0.460069 0.552469 0.330633 0.0802469 0.689502
2 0.52392 0.388632 0.0270062 0.0673868 0.708671
2 0.405093 0.385802 0.0246914 0.0730453 0.709889
2 0.405864 0.470679 0.0208333 0.06893 0.712132
2 0.526813 0.473765 0.0266204 0.0699589 0.712354
2 0.520062 0.641204 0.0277778 0.0725309 0.716179
2 0.439043 0.553755 0.0270062 0.0673868 0.718646
2 0.439622 0.637346 0.0250772 0.0679012 0.72547
2 0.359568 0.637088 0.0231481 0.0684156 0.7394
2 0.367477 0.469907 0.0243056 0.0643004 0.746015
2 0.358603 0.553241 0.0227623 0.0673868 0.748386
2 0.363619 0.38606 0.0227623 0.0704733 0.74899
1 0.462191 0.307613 0.311728 0.0802469 0.758534
2 0.365934 0.30427 0.0227623 0.0653292 0.773773
2 0.483796 0.388117 0.025463 0.0684156 0.784137
2 0.483989 0.307099 0.0281636 0.0668724 0.792698
1 0.46412 0.636574 0.340278 0.087963 0.821727
1 0.455633 0.389661 0.330247 0.0859054 0.831727
1 0.461998 0.472222 0.333719 0.0833333 0.85835
0 0.233025 0.185442 0.207562 0.0797325 0.89607
2 0.441165 0.554527 0.22338 0.0792181 0.258471
2 0.439622 0.63966 0.221836 0.0828189 0.267669
2 0.439429 0.636831 0.0563272 0.0751029 0.301102
2 0.484182 0.307099 0.0648148 0.0709877 0.363036
2 0.482446 0.387346 0.0760031 0.0771605 0.394225
2 0.399691 0.553241 0.0239198 0.066358 0.635924
2 0.445795 0.470936 0.0243056 0.066358 0.640809
2 0.39892 0.636831 0.0239198 0.0648148 0.663818
2 0.485918 0.47428 0.0212191 0.0709877 0.688434
1 0.460069 0.552469 0.330633 0.0802469 0.689502
2 0.52392 0.388632 0.0270062 0.0673868 0.708671
2 0.405093 0.385802 0.0246914 0.0730453 0.709889
2 0.405864 0.470679 0.0208333 0.06893 0.712132
2 0.526813 0.473765 0.0266204 0.0699589 0.712354
2 0.520062 0.641204 0.0277778 0.0725309 0.716179
2 0.439043 0.553755 0.0270062 0.0673868 0.718646
2 0.439622 0.637346 0.0250772 0.0679012 0.72547
2 0.359568 0.637088 0.0231481 0.0684156 0.7394
2 0.367477 0.469907 0.0243056 0.0643004 0.746015
2 0.358603 0.553241 0.0227623 0.0673868 0.748386
2 0.363619 0.38606 0.0227623 0.0704733 0.74899
1 0.462191 0.307613 0.311728 0.0802469 0.758534
2 0.365934 0.30427 0.0227623 0.0653292 0.773773
2 0.483796 0.388117 0.025463 0.0684156 0.784137
2 0.483989 0.307099 0.0281636 0.0668724 0.792698
1 0.46412 0.636574 0.340278 0.087963 0.821727
1 0.455633 0.389661 0.330247 0.0859054 0.831727
1 0.461998 0.472222 0.333719 0.0833333 0.85835
0 0.233025 0.185442 0.207562 0.0797325 0.89607
2 0.441165 0.554527 0.22338 0.0792181 0.258471
2 0.439622 0.63966 0.221836 0.0828189 0.267669
2 0.439429 0.636831 0.0563272 0.0751029 0.301102
2 0.484182 0.307099 0.0648148 0.0709877 0.363036
2 0.482446 0.387346 0.0760031 0.0771605 0.394225
2 0.399691 0.553241 0.0239198 0.066358 0.635924
2 0.445795 0.470936 0.0243056 0.066358 0.640809
2 0.39892 0.636831 0.0239198 0.0648148 0.663818
2 0.485918 0.47428 0.0212191 0.0709877 0.688434
1 0.460069 0.552469 0.330633 0.0802469 0.689502
2 0.52392 0.388632 0.0270062 0.0673868 0.708671
2 0.405093 0.385802 0.0246914 0.0730453 0.709889
2 0.405864 0.470679 0.0208333 0.06893 0.712132
2 0.526813 0.473765 0.0266204 0.0699589 0.712354
2 0.520062 0.641204 0.0277778 0.0725309 0.716179
2 0.439043 0.553755 0.0270062 0.0673868 0.718646
2 0.439622 0.637346 0.0250772 0.0679012 0.72547
2 0.359568 0.637088 0.0231481 0.0684156 0.7394
2 0.367477 0.469907 0.0243056 0.0643004 0.746015
2 0.358603 0.553241 0.0227623 0.0673868 0.748386
2 0.363619 0.38606 0.0227623 0.0704733 0.74899
1 0.462191 0.307613 0.311728 0.0802469 0.758534
2 0.365934 0.30427 0.0227623 0.0653292 0.773773
2 0.483796 0.388117 0.025463 0.0684156 0.784137
2 0.483989 0.307099 0.0281636 0.0668724 0.792698
1 0.46412 0.636574 0.340278 0.087963 0.821727
1 0.455633 0.389661 0.330247 0.0859054 0.831727
1 0.461998 0.472222 0.333719 0.0833333 0.85835
0 0.233025 0.185442 0.207562 0.0797325 0.89607
2 0.441165 0.554527 0.22338 0.0792181 0.258471
2 0.439622 0.63966 0.221836 0.0828189 0.267669
2 0.439429 0.636831 0.0563272 0.0751029 0.301102
2 0.484182 0.307099 0.0648148 0.0709877 0.363036
2 0.482446 0.387346 0.0760031 0.0771605 0.394225
2 0.399691 0.553241 0.0239198 0.066358 0.635924
2 0.445795 0.470936 0.0243056 0.066358 0.640809
2 0.39892 0.636831 0.0239198 0.0648148 0.663818
2 0.485918 0.47428 0.0212191 0.0709877 0.688434
1 0.460069 0.552469 0.330633 0.0802469 0.689502
2 0.52392 0.388632 0.0270062 0.0673868 0.708671
2 0.405093 0.385802 0.0246914 0.0730453 0.709889
2 0.405864 0.470679 0.0208333 0.06893 0.712132
2 0.526813 0.473765 0.0266204 0.0699589 0.712354
2 0.520062 0.641204 0.0277778 0.0725309 0.716179
2 0.439043 0.553755 0.0270062 0.0673868 0.718646
2 0.439622 0.637346 0.0250772 0.0679012 0.72547
2 0.359568 0.637088 0.0231481 0.0684156 0.7394
2 0.367477 0.469907 0.0243056 0.0643004 0.746015
2 0.358603 0.553241 0.0227623 0.0673868 0.748386
2 0.363619 0.38606 0.0227623 0.0704733 0.74899
1 0.462191 0.307613 0.311728 0.0802469 0.758534
2 0.365934 0.30427 0.0227623 0.0653292 0.773773
2 0.483796 0.388117 0.025463 0.0684156 0.784137
2 0.483989 0.307099 0.0281636 0.0668724 0.792698
1 0.46412 0.636574 0.340278 0.087963 0.821727
1 0.455633 0.389661 0.330247 0.0859054 0.831727
1 0.461998 0.472222 0.333719 0.0833333 0.85835
0 0.233025 0.185442 0.207562 0.0797325 0.89607
2 0.441165 0.554527 0.22338 0.0792181 0.258471
2 0.439622 0.63966 0.221836 0.0828189 0.267669
2 0.439429 0.636831 0.0563272 0.0751029 0.301102
2 0.484182 0.307099 0.0648148 0.0709877 0.363036
2 0.482446 0.387346 0.0760031 0.0771605 0.394225
2 0.399691 0.553241 0.0239198 0.066358 0.635924
2 0.445795 0.470936 0.0243056 0.066358 0.640809
2 0.39892 0.636831 0.0239198 0.0648148 0.663818
2 0.485918 0.47428 0.0212191 0.0709877 0.688434
1 0.460069 0.552469 0.330633 0.0802469 0.689502
2 0.52392 0.388632 0.0270062 0.0673868 0.708671
2 0.405093 0.385802 0.0246914 0.0730453 0.709889
2 0.405864 0.470679 0.0208333 0.06893 0.712132
2 0.526813 0.473765 0.0266204 0.0699589 0.712354
2 0.520062 0.641204 0.0277778 0.0725309 0.716179
2 0.439043 0.553755 0.0270062 0.0673868 0.718646
2 0.439622 0.637346 0.0250772 0.0679012 0.72547
2 0.359568 0.637088 0.0231481 0.0684156 0.7394
2 0.367477 0.469907 0.0243056 0.0643004 0.746015
2 0.358603 0.553241 0.0227623 0.0673868 0.748386
2 0.363619 0.38606 0.0227623 0.0704733 0.74899
1 0.462191 0.307613 0.311728 0.0802469 0.758534
2 0.365934 0.30427 0.0227623 0.0653292 0.773773
2 0.483796 0.388117 0.025463 0.0684156 0.784137
2 0.483989 0.307099 0.0281636 0.0668724 0.792698
1 0.46412 0.636574 0.340278 0.087963 0.821727
1 0.455633 0.389661 0.330247 0.0859054 0.831727
1 0.461998 0.472222 0.333719 0.0833333 0.85835
0 0.233025 0.185442 0.207562 0.0797325 0.89607
2 0.441165 0.554527 0.22338 0.0792181 0.258471
2 0.439622 0.63966 0.221836 0.0828189 0.267669
2 0.439429 0.636831 0.0563272 0.0751029 0.301102
2 0.484182 0.307099 0.0648148 0.0709877 0.363036
2 0.482446 0.387346 0.0760031 0.0771605 0.394225
2 0.399691 0.553241 0.0239198 0.066358 0.635924
2 0.445795 0.470936 0.0243056 0.066358 0.640809
2 0.39892 0.636831 0.0239198 0.0648148 0.663818
2 0.485918 0.47428 0.0212191 0.0709877 0.688434
1 0.460069 0.552469 0.330633 0.0802469 0.689502
2 0.52392 0.388632 0.0270062 0.0673868 0.708671
2 0.405093 0.385802 0.0246914 0.0730453 0.709889
2 0.405864 0.470679 0.0208333 0.06893 0.712132
2 0.526813 0.473765 0.0266204 0.0699589 0.712354
2 0.520062 0.641204 0.0277778 0.0725309 0.716179
2 0.439043 0.553755 0.0270062 0.0673868 0.718646
2 0.439622 0.637346 0.0250772 0.0679012 0.72547
2 0.359568 0.637088 0.0231481 0.0684156 0.7394
2 0.367477 0.469907 0.0243056 0.0643004 0.746015
2 0.358603 0.553241 0.0227623 0.0673868 0.748386
2 0.363619 0.38606 0.0227623 0.0704733 0.74899
1 0.462191 0.307613 0.311728 0.0802469 0.758534
2 0.365934 0.30427 0.0227623 0.0653292 0.773773
2 0.483796 0.388117 0.025463 0.0684156 0.784137
2 0.483989 0.307099 0.0281636 0.0668724 0.792698
1 0.46412 0.636574 0.340278 0.087963 0.821727
1 0.455633 0.389661 0.330247 0.0859054 0.831727
1 0.461998 0.472222 0.333719 0.0833333 0.85835
0 0.233025 0.185442 0.207562 0.0797325 0.89607
2 0.441165 0.554527 0.22338 0.0792181 0.258471
2 0.439622 0.63966 0.221836 0.0828189 0.267669
2 0.439429 0.636831 0.0563272 0.0751029 0.301102
2 0.484182 0.307099 0.0648148 0.0709877 0.363036
2 0.482446 0.387346 0.0760031 0.0771605 0.394225
2 0.399691 0.553241 0.0239198 0.066358 0.635924
2 0.445795 0.470936 0.0243056 0.066358 0.640809
2 0.39892 0.636831 0.0239198 0.0648148 0.663818
2 0.485918 0.47428 0.0212191 0.0709877 0.688434
1 0.460069 0.552469 0.330633 0.0802469 0.689502
2 0.52392 0.388632 0.0270062 0.0673868 0.708671
2 0.405093 0.385802 0.0246914 0.0730453 0.709889
2 0.405864 0.470679 0.0208333 0.06893 0.712132
2 0.526813 0.473765 0.0266204 0.0699589 0.712354
2 0.520062 0.641204 0.0277778 0.0725309 0.716179
2 0.439043 0.553755 0.0270062 0.0673868 0.718646
2 0.439622 0.637346 0.0250772 0.0679012 0.72547
2 0.359568 0.637088 0.0231481 0.0684156 0.7394
2 0.367477 0.469907 0.0243056 0.0643004 0.746015
2 0.358603 0.553241 0.0227623 0.0673868 0.748386
2 0.363619 0.38606 0.0227623 0.0704733 0.74899
1 0.462191 0.307613 0.311728 0.0802469 0.758534
2 0.365934 0.30427 0.0227623 0.0653292 0.773773
2 0.483796 0.388117 0.025463 0.0684156 0.784137
2 0.483989 0.307099 0.0281636 0.0668724 0.792698
1 0.46412 0.636574 0.340278 0.087963 0.821727
1 0.455633 0.389661 0.330247 0.0859054 0.831727
1 0.461998 0.472222 0.333719 0.0833333 0.85835
0 0.233025 0.185442 0.207562 0.0797325 0.89607
2 0.441165 0.554527 0.22338 0.0792181 0.258471
2 0.439622 0.63966 0.221836 0.0828189 0.267669
2 0.439429 0.636831 0.0563272 0.0751029 0.301102
2 0.484182 0.307099 0.0648148 0.0709877 0.363036
2 0.482446 0.387346 0.0760031 0.0771605 0.394225
2 0.399691 0.553241 0.0239198 0.066358 0.635924
2 0.445795 0.470936 0.0243056 0.066358 0.640809
2 0.39892 0.636831 0.0239198 0.0648148 0.663818
2 0.485918 0.47428 0.0212191 0.0709877 0.688434
1 0.460069 0.552469 0.330633 0.0802469 0.689502
2 0.52392 0.388632 0.0270062 0.0673868 0.708671
2 0.405093 0.385802 0.0246914 0.0730453 0.709889
2 0.405864 0.470679 0.0208333 0.06893 0.712132
2 0.526813 0.473765 0.0266204 0.0699589 0.712354
2 0.520062 0.641204 0.0277778 0.0725309 0.716179
2 0.439043 0.553755 0.0270062 0.0673868 0.718646
2 0.439622 0.637346 0.0250772 0.0679012 0.72547
2 0.359568 0.637088 0.0231481 0.0684156 0.7394
2 0.367477 0.469907 0.0243056 0.0643004 0.746015
2 0.358603 0.553241 0.0227623 0.0673868 0.748386
2 0.363619 0.38606 0.0227623 0.0704733 0.74899
1 0.462191 0.307613 0.311728 0.0802469 0.758534
2 0.365934 0.30427 0.0227623 0.0653292 0.773773
2 0.483796 0.388117 0.025463 0.0684156 0.784137
2 0.483989 0.307099 0.0281636 0.0668724 0.792698
1 0.46412 0.636574 0.340278 0.087963 0.821727
1 0.455633 0.389661 0.330247 0.0859054 0.831727
1 0.461998 0.472222 0.333719 0.0833333 0.85835
0 0.233025 0.185442 0.207562 0.0797325 0.89607
2 0.441165 0.554527 0.22338 0.0792181 0.258471
2 0.439622 0.63966 0.221836 0.0828189 0.267669
2 0.439429 0.636831 0.0563272 0.0751029 0.301102
2 0.484182 0.307099 0.0648148 0.0709877 0.363036
2 0.482446 0.387346 0.0760031 0.0771605 0.394225
2 0.399691 0.553241 0.0239198 0.066358 0.635924
2 0.445795 0.470936 0.0243056 0.066358 0.640809
2 0.39892 0.636831 0.0239198 0.0648148 0.663818
2 0.485918 0.47428 0.0212191 0.0709877 0.688434
1 0.460069 0.552469 0.330633 0.0802469 0.689502
2 0.52392 0.388632 0.0270062 0.0673868 0.708671
2 0.405093 0.385802 0.0246914 0.0730453 0.709889
2 0.405864 0.470679 0.0208333 0.06893 0.712132
2 0.526813 0.473765 0.0266204 0.0699589 0.712354
2 0.520062 0.641204 0.0277778 0.0725309 0.716179
2 0.439043 0.553755 0.0270062 0.0673868 0.718646
2 0.439622 0.637346 0.0250772 0.0679012 0.72547
2 0.359568 0.637088 0.0231481 0.0684156 0.7394
2 0.367477 0.469907 0.0243056 0.0643004 0.746015
2 0.358603 0.553241 0.0227623 0.0673868 0.748386
2 0.363619 0.38606 0.0227623 0.0704733 0.74899
1 0.462191 0.307613 0.311728 0.0802469 0.758534
2 0.365934 0.30427 0.0227623 0.0653292 0.773773
2 0.483796 0.388117 0.025463 0.0684156 0.784137
2 0.483989 0.307099 0.0281636 0.0668724 0.792698
1 0.46412 0.636574 0.340278 0.087963 0.821727
1 0.455633 0.389661 0.330247 0.0859054 0.831727
1 0.461998 0.472222 0.333719 0.0833333 0.85835
0 0.233025 0.185442 0.207562 0.0797325 0.89607
2 0.441165 0.554527 0.22338 0.0792181 0.258471
2 0.439622 0.63966 0.221836 0.0828189 0.267669
2 0.439429 0.636831 0.0563272 0.0751029 0.301102
2 0.484182 0.307099 0.0648148 0.0709877 0.363036
2 0.482446 0.387346 0.0760031 0.0771605 0.394225
2 0.399691 0.553241 0.0239198 0.066358 0.635924
2 0.445795 0.470936 0.0243056 0.066358 0.640809
2 0.39892 0.636831 0.0239198 0.0648148 0.663818
2 0.485918 0.47428 0.0212191 0.0709877 0.688434
1 0.460069 0.552469 0.330633 0.0802469 0.689502
2 0.52392 0.388632 0.0270062 0.0673868 0.708671
2 0.405093 0.385802 0.0246914 0.0730453 0.709889
2 0.405864 0.470679 0.0208333 0.06893 0.712132
2 0.526813 0.473765 0.0266204 0.0699589 0.712354
2 0.520062 0.641204 0.0277778 0.0725309 0.716179
2 0.439043 0.553755 0.0270062 0.0673868 0.718646
2 0.439622 0.637346 0.0250772 0.0679012 0.72547
2 0.359568 0.637088 0.0231481 0.0684156 0.7394
2 0.367477 0.469907 0.0243056 0.0643004 0.746015
2 0.358603 0.553241 0.0227623 0.0673868 0.748386
2 0.363619 0.38606 0.0227623 0.0704733 0.74899
1 0.462191 0.307613 0.311728 0.0802469 0.758534
2 0.365934 0.30427 0.0227623 0.0653292 0.773773
2 0.483796 0.388117 0.025463 0.0684156 0.784137
2 0.483989 0.307099 0.0281636 0.0668724 0.792698
1 0.46412 0.636574 0.340278 0.087963 0.821727
1 0.455633 0.389661 0.330247 0.0859054 0.831727
1 0.461998 0.472222 0.333719 0.0833333 0.85835
0 0.233025 0.185442 0.207562 0.0797325 0.89607
2 0.441165 0.554527 0.22338 0.0792181 0.258471
2 0.439622 0.63966 0.221836 0.0828189 0.267669
2 0.439429 0.636831 0.0563272 0.0751029 0.301102
2 0.484182 0.307099 0.0648148 0.0709877 0.363036
2 0.482446 0.387346 0.0760031 0.0771605 0.394225
2 0.399691 0.553241 0.0239198 0.066358 0.635924
2 0.445795 0.470936 0.0243056 0.066358 0.640809
2 0.39892 0.636831 0.0239198 0.0648148 0.663818
2 0.485918 0.47428 0.0212191 0.0709877 0.688434
1 0.460069 0.552469 0.330633 0.0802469 0.689502
2 0.52392 0.388632 0.0270062 0.0673868 0.708671
2 0.405093 0.385802 0.0246914 0.0730453 0.709889
2 0.405864 0.470679 0.0208333 0.06893 0.712132
2 0.526813 0.473765 0.0266204 0.0699589 0.712354
2 0.520062 0.641204 0.0277778 0.0725309 0.716179
2 0.439043 0.553755 0.0270062 0.0673868 0.718646
2 0.439622 0.637346 0.0250772 0.0679012 0.72547
2 0.359568 0.637088 0.0231481 0.0684156 0.7394
2 0.367477 0.469907 0.0243056 0.0643004 0.746015
2 0.358603 0.553241 0.0227623 0.0673868 0.748386
2 0.363619 0.38606 0.0227623 0.0704733 0.74899
1 0.462191 0.307613 0.311728 0.0802469 0.758534
2 0.365934 0.30427 0.0227623 0.0653292 0.773773
2 0.483796 0.388117 0.025463 0.0684156 0.784137
2 0.483989 0.307099 0.0281636 0.0668724 0.792698
1 0.46412 0.636574 0.340278 0.087963 0.821727
1 0.455633 0.389661 0.330247 0.0859054 0.831727
1 0.461998 0.472222 0.333719 0.0833333 0.85835
0 0.233025 0.185442 0.207562 0.0797325 0.89607
2 0.441165 0.554527 0.22338 0.0792181 0.258471
2 0.439622 0.63966 0.221836 0.0828189 0.267669
2 0.439429 0.636831 0.0563272 0.0751029 0.301102
2 0.484182 0.307099 0.0648148 0.0709877 0.363036
2 0.482446 0.387346 0.0760031 0.0771605 0.394225
2 0.399691 0.553241 0.0239198 0.066358 0.635924
2 0.445795 0.470936 0.0243056 0.066358 0.640809
2 0.39892 0.636831 0.0239198 0.0648148 0.663818
2 0.485918 0.47428 0.0212191 0.0709877 0.688434
1 0.460069 0.552469 0.330633 0.0802469 0.689502
2 0.52392 0.388632 0.0270062 0.0673868 0.708671
2 0.405093 0.385802 0.0246914 0.0730453 0.709889
2 0.405864 0.470679 0.0208333 0.06893 0.712132
2 0.526813 0.473765 0.0266204 0.0699589 0.712354
2 0.520062 0.641204 0.0277778 0.0725309 0.716179
2 0.439043 0.553755 0.0270062 0.0673868 0.718646
2 0.439622 0.637346 0.0250772 0.0679012 0.72547
2 0.359568 0.637088 0.0231481 0.0684156 0.7394
2 0.367477 0.469907 0.0243056 0.0643004 0.746015
2 0.358603 0.553241 0.0227623 0.0673868 0.748386
2 0.363619 0.38606 0.0227623 0.0704733 0.74899
1 0.462191 0.307613 0.311728 0.0802469 0.758534
2 0.365934 0.30427 0.0227623 0.0653292 0.773773
2 0.483796 0.388117 0.025463 0.0684156 0.784137
2 0.483989 0.307099 0.0281636 0.0668724 0.792698
1 0.46412 0.636574 0.340278 0.087963 0.821727
1 0.455633 0.389661 0.330247 0.0859054 0.831727
1 0.461998 0.472222 0.333719 0.0833333 0.85835
0 0.233025 0.185442 0.207562 0.0797325 0.89607
2 0.441165 0.554527 0.22338 0.0792181 0.258471
2 0.439622 0.63966 0.221836 0.0828189 0.267669
2 0.439429 0.636831 0.0563272 0.0751029 0.301102
2 0.484182 0.307099 0.0648148 0.0709877 0.363036
2 0.482446 0.387346 0.0760031 0.0771605 0.394225
2 0.399691 0.553241 0.0239198 0.066358 0.635924
2 0.445795 0.470936 0.0243056 0.066358 0.640809
2 0.39892 0.636831 0.0239198 0.0648148 0.663818
2 0.485918 0.47428 0.0212191 0.0709877 0.688434
1 0.460069 0.552469 0.330633 0.0802469 0.689502
2 0.52392 0.388632 0.0270062 0.0673868 0.708671
2 0.405093 0.385802 0.0246914 0.0730453 0.709889
2 0.405864 0.470679 0.0208333 0.06893 0.712132
2 0.526813 0.473765 0.0266204 0.0699589 0.712354
2 0.520062 0.641204 0.0277778 0.0725309 0.716179
2 0.439043 0.553755 0.0270062 0.0673868 0.718646
2 0.439622 0.637346 0.0250772 0.0679012 0.72547
2 0.359568 0.637088 0.0231481 0.0684156 0.7394
2 0.367477 0.469907 0.0243056 0.0643004 0.746015
2 0.358603 0.553241 0.0227623 0.0673868 0.748386
2 0.363619 0.38606 0.0227623 0.0704733 0.74899
1 0.462191 0.307613 0.311728 0.0802469 0.758534
2 0.365934 0.30427 0.0227623 0.0653292 0.773773
2 0.483796 0.388117 0.025463 0.0684156 0.784137
2 0.483989 0.307099 0.0281636 0.0668724 0.792698
1 0.46412 0.636574 0.340278 0.087963 0.821727
1 0.455633 0.389661 0.330247 0.0859054 0.831727
1 0.461998 0.472222 0.333719 0.0833333 0.85835
0 0.233025 0.185442 0.207562 0.0797325 0.89607
2 0.441165 0.554527 0.22338 0.0792181 0.258471
2 0.439622 0.63966 0.221836 0.0828189 0.267669
2 0.439429 0.636831 0.0563272 0.0751029 0.301102
2 0.484182 0.307099 0.0648148 0.0709877 0.363036
2 0.482446 0.387346 0.0760031 0.0771605 0.394225
2 0.399691 0.553241 0.0239198 0.066358 0.635924
2 0.445795 0.470936 0.0243056 0.066358 0.640809
2 0.39892 0.636831 0.0239198 0.0648148 0.663818
2 0.485918 0.47428 0.0212191 0.0709877 0.688434
1 0.460069 0.552469 0.330633 0.0802469 0.689502
2 0.52392 0.388632 0.0270062 0.0673868 0.708671
2 0.405093 0.385802 0.0246914 0.0730453 0.709889
2 0.405864 0.470679 0.0208333 0.06893 0.712132
2 0.526813 0.473765 0.0266204 0.0699589 0.712354
2 0.520062 0.641204 0.0277778 0.0725309 0.716179
2 0.439043 0.553755 0.0270062 0.0673868 0.718646
2 0.439622 0.637346 0.0250772 0.0679012 0.72547
2 0.359568 0.637088 0.0231481 0.0684156 0.7394
2 0.367477 0.469907 0.0243056 0.0643004 0.746015
2 0.358603 0.553241 0.0227623 0.0673868 0.748386
2 0.363619 0.38606 0.0227623 0.0704733 0.74899
1 0.462191 0.307613 0.311728 0.0802469 0.758534
2 0.365934 0.30427 0.0227623 0.0653292 0.773773
2 0.483796 0.388117 0.025463 0.0684156 0.784137
2 0.483989 0.307099 0.0281636 0.0668724 0.792698
1 0.46412 0.636574 0.340278 0.087963 0.821727
1 0.455633 0.389661 0.330247 0.0859054 0.831727
1 0.461998 0.472222 0.333719 0.0833333 0.85835
0 0.233025 0.185442 0.207562 0.0797325 0.89607
2 0.441165 0.554527 0.22338 0.0792181 0.258471
2 0.439622 0.63966 0.221836 0.0828189 0.267669
2 0.439429 0.636831 0.0563272 0.0751029 0.301102
2 0.484182 0.307099 0.0648148 0.0709877 0.363036
2 0.482446 0.387346 0.0760031 0.0771605 0.394225
2 0.399691 0.553241 0.0239198 0.066358 0.635924
2 0.445795 0.470936 0.0243056 0.066358 0.640809
2 0.39892 0.636831 0.0239198 0.0648148 0.663818
2 0.485918 0.47428 0.0212191 0.0709877 0.688434
1 0.460069 0.552469 0.330633 0.0802469 0.689502
2 0.52392 0.388632 0.0270062 0.0673868 0.708671
2 0.405093 0.385802 0.0246914 0.0730453 0.709889
2 0.405864 0.470679 0.0208333 0.06893 0.712132
2 0.526813 0.473765 0.0266204 0.0699589 0.712354
2 0.520062 0.641204 0.0277778 0.0725309 0.716179
2 0.439043 0.553755 0.0270062 0.0673868 0.718646
2 0.439622 0.637346 0.0250772 0.0679012 0.72547
2 0.359568 0.637088 0.0231481 0.0684156 0.7394
2 0.367477 0.469907 0.0243056 0.0643004 0.746015
2 0.358603 0.553241 0.0227623 0.0673868 0.748386
2 0.363619 0.38606 0.0227623 0.0704733 0.74899
1 0.462191 0.307613 0.311728 0.0802469 0.758534
2 0.365934 0.30427 0.0227623 0.0653292 0.773773
2 0.483796 0.388117 0.025463 0.0684156 0.784137
2 0.483989 0.307099 0.0281636 0.0668724 0.792698
1 0.46412 0.636574 0.340278 0.087963 0.821727
1 0.455633 0.389661 0.330247 0.0859054 0.831727
1 0.461998 0.472222 0.333719 0.0833333 0.85835
0 0.233025 0.185442 0.207562 0.0797325 0.89607
2 0.441165 0.554527 0.22338 0.0792181 0.258471
2 0.439622 0.63966 0.221836 0.0828189 0.267669
2 0.439429 0.636831 0.0563272 0.0751029 0.301102
2 0.484182 0.307099 0.0648148 0.0709877 0.363036
2 0.482446 0.387346 0.0760031 0.0771605 0.394225
2 0.399691 0.553241 0.0239198 0.066358 0.635924
2 0.445795 0.470936 0.0243056 0.066358 0.640809
2 0.39892 0.636831 0.0239198 0.0648148 0.663818
2 0.485918 0.47428 0.0212191 0.0709877 0.688434
1 0.460069 0.552469 0.330633 0.0802469 0.689502
2 0.52392 0.388632 0.0270062 0.0673868 0.708671
2 0.405093 0.385802 0.0246914 0.0730453 0.709889
2 0.405864 0.470679 0.0208333 0.06893 0.712132
2 0.526813 0.473765 0.0266204 0.0699589 0.712354
2 0.520062 0.641204 0.0277778 0.0725309 0.716179
2 0.439043 0.553755 0.0270062 0.0673868 0.718646
2 0.439622 0.637346 0.0250772 0.0679012 0.72547
2 0.359568 0.637088 0.0231481 0.0684156 0.7394
2 0.367477 0.469907 0.0243056 0.0643004 0.746015
2 0.358603 0.553241 0.0227623 0.0673868 0.748386
2 0.363619 0.38606 0.0227623 0.0704733 0.74899
1 0.462191 0.307613 0.311728 0.0802469 0.758534
2 0.365934 0.30427 0.0227623 0.0653292 0.773773
2 0.483796 0.388117 0.025463 0.0684156 0.784137
2 0.483989 0.307099 0.0281636 0.0668724 0.792698
1 0.46412 0.636574 0.340278 0.087963 0.821727
1 0.455633 0.389661 0.330247 0.0859054 0.831727
1 0.461998 0.472222 0.333719 0.0833333 0.85835
0 0.233025 0.185442 0.207562 0.0797325 0.89607
2 0.441165 0.554527 0.22338 0.0792181 0.258471
2 0.439622 0.63966 0.221836 0.0828189 0.267669
2 0.439429 0.636831 0.0563272 0.0751029 0.301102
2 0.484182 0.307099 0.0648148 0.0709877 0.363036
2 0.482446 0.387346 0.0760031 0.0771605 0.394225
2 0.399691 0.553241 0.0239198 0.066358 0.635924
2 0.445795 0.470936 0.0243056 0.066358 0.640809
2 0.39892 0.636831 0.0239198 0.0648148 0.663818
2 0.485918 0.47428 0.0212191 0.0709877 0.688434
1 0.460069 0.552469 0.330633 0.0802469 0.689502
2 0.52392 0.388632 0.0270062 0.0673868 0.708671
2 0.405093 0.385802 0.0246914 0.0730453 0.709889
2 0.405864 0.470679 0.0208333 0.06893 0.712132
2 0.526813 0.473765 0.0266204 0.0699589 0.712354
2 0.520062 0.641204 0.0277778 0.0725309 0.716179
2 0.439043 0.553755 0.0270062 0.0673868 0.718646
2 0.439622 0.637346 0.0250772 0.0679012 0.72547
2 0.359568 0.637088 0.0231481 0.0684156 0.7394
2 0.367477 0.469907 0.0243056 0.0643004 0.746015
2 0.358603 0.553241 0.0227623 0.0673868 0.748386
2 0.363619 0.38606 0.0227623 0.0704733 0.74899
1 0.462191 0.307613 0.311728 0.0802469 0.758534
2 0.365934 0.30427 0.0227623 0.0653292 0.773773
2 0.483796 0.388117 0.025463 0.0684156 0.784137
2 0.483989 0.307099 0.0281636 0.0668724 0.792698
1 0.46412 0.636574 0.340278 0.087963 0.821727
1 0.455633 0.389661 0.330247 0.0859054 0.831727
1 0.461998 0.472222 0.333719 0.0833333 0.85835
0 0.233025 0.185442 0.207562 0.0797325 0.89607
2 0.441165 0.554527 0.22338 0.0792181 0.258471
2 0.439622 0.63966 0.221836 0.0828189 0.267669
2 0.439429 0.636831 0.0563272 0.0751029 0.301102
2 0.484182 0.307099 0.0648148 0.0709877 0.363036
2 0.482446 0.387346 0.0760031 0.0771605 0.394225
2 0.399691 0.553241 0.0239198 0.066358 0.635924
2 0.445795 0.470936 0.0243056 0.066358 0.640809
2 0.39892 0.636831 0.0239198 0.0648148 0.663818
2 0.485918 0.47428 0.0212191 0.0709877 0.688434
1 0.460069 0.552469 0.330633 0.0802469 0.689502
2 0.52392 0.388632 0.0270062 0.0673868 0.708671
2 0.405093 0.385802 0.0246914 0.0730453 0.709889
2 0.405864 0.470679 0.0208333 0.06893 0.712132
2 0.526813 0.473765 0.0266204 0.0699589 0.712354
2 0.520062 0.641204 0.0277778 0.0725309 0.716179
2 0.439043 0.553755 0.0270062 0.0673868 0.718646
2 0.439622 0.637346 0.0250772 0.0679012 0.72547
2 0.359568 0.637088 0.0231481 0.0684156 0.7394
2 0.367477 0.469907 0.0243056 0.0643004 0.746015
2 0.358603 0.553241 0.0227623 0.0673868 0.748386
2 0.363619 0.38606 0.0227623 0.0704733 0.74899
1 0.462191 0.307613 0.311728 0.0802469 0.758534
2 0.365934 0.30427 0.0227623 0.0653292 0.773773
2 0.483796 0.388117 0.025463 0.0684156 0.784137
2 0.483989 0.307099 0.0281636 0.0668724 0.792698
1 0.46412 0.636574 0.340278 0.087963 0.821727
1 0.455633 0.389661 0.330247 0.0859054 0.831727
1 0.461998 0.472222 0.333719 0.0833333 0.85835
0 0.233025 0.185442 0.207562 0.0797325 0.89607
2 0.441165 0.554527 0.22338 0.0792181 0.258471
2 0.439622 0.63966 0.221836 0.0828189 0.267669
2 0.439429 0.636831 0.0563272 0.0751029 0.301102
2 0.484182 0.307099 0.0648148 0.0709877 0.363036
2 0.482446 0.387346 0.0760031 0.0771605 0.394225
2 0.399691 0.553241 0.0239198 0.066358 0.635924
2 0.445795 0.470936 0.0243056 0.066358 0.640809
2 0.39892 0.636831 0.0239198 0.0648148 0.663818
2 0.485918 0.47428 0.0212191 0.0709877 0.688434
1 0.460069 0.552469 0.330633 0.0802469 0.689502
2 0.52392 0.388632 0.0270062 0.0673868 0.708671
2 0.405093 0.385802 0.0246914 0.0730453 0.709889
2 0.405864 0.470679 0.0208333 0.06893 0.712132
2 0.526813 0.473765 0.0266204 0.0699589 0.712354
2 0.520062 0.641204 0.0277778 0.0725309 0.716179
2 0.439043 0.553755 0.0270062 0.0673868 0.718646
2 0.439622 0.637346 0.0250772 0.0679012 0.72547
2 0.359568 0.637088 0.0231481 0.0684156 0.7394
2 0.367477 0.469907 0.0243056 0.0643004 0.746015
2 0.358603 0.553241 0.0227623 0.0673868 0.748386
2 0.363619 0.38606 0.0227623 0.0704733 0.74899
1 0.462191 0.307613 0.311728 0.0802469 0.758534
2 0.365934 0.30427 0.0227623 0.0653292 0.773773
2 0.483796 0.388117 0.025463 0.0684156 0.784137
2 0.483989 0.307099 0.0281636 0.0668724 0.792698
1 0.46412 0.636574 0.340278 0.087963 0.821727
1 0.455633 0.389661 0.330247 0.0859054 0.831727
1 0.461998 0.472222 0.333719 0.0833333 0.85835
0 0.233025 0.185442 0.207562 0.0797325 0.89607
2 0.441165 0.554527 0.22338 0.0792181 0.258471
2 0.439622 0.63966 0.221836 0.0828189 0.267669
2 0.439429 0.636831 0.0563272 0.0751029 0.301102
2 0.484182 0.307099 0.0648148 0.0709877 0.363036
2 0.482446 0.387346 0.0760031 0.0771605 0.394225
2 0.399691 0.553241 0.0239198 0.066358 0.635924
2 0.445795 0.470936 0.0243056 0.066358 0.640809
2 0.39892 0.636831 0.0239198 0.0648148 0.663818
2 0.485918 0.47428 0.0212191 0.0709877 0.688434
1 0.460069 0.552469 0.330633 0.0802469 0.689502
2 0.52392 0.388632 0.0270062 0.0673868 0.708671
2 0.405093 0.385802 0.0246914 0.0730453 0.709889
2 0.405864 0.470679 0.0208333 0.06893 0.712132
2 0.526813 0.473765 0.0266204 0.0699589 0.712354
2 0.520062 0.641204 0.0277778 0.0725309 0.716179
2 0.439043 0.553755 0.0270062 0.0673868 0.718646
2 0.439622 0.637346 0.0250772 0.0679012 0.72547
2 0.359568 0.637088 0.0231481 0.0684156 0.7394
2 0.367477 0.469907 0.0243056 0.0643004 0.746015
2 0.358603 0.553241 0.0227623 0.0673868 0.748386
2 0.363619 0.38606 0.0227623 0.0704733 0.74899
1 0.462191 0.307613 0.311728 0.0802469 0.758534
2 0.365934 0.30427 0.0227623 0.0653292 0.773773
2 0.483796 0.388117 0.025463 0.0684156 0.784137
2 0.483989 0.307099 0.0281636 0.0668724 0.792698
1 0.46412 0.636574 0.340278 0.087963 0.821727
1 0.455633 0.389661 0.330247 0.0859054 0.831727
1 0.461998 0.472222 0.333719 0.0833333 0.85835
0 0.233025 0.185442 0.207562 0.0797325 0.89607
2 0.441165 0.554527 0.22338 0.0792181 0.258471
2 0.439622 0.63966 0.221836 0.0828189 0.267669
2 0.439429 0.636831 0.0563272 0.0751029 0.301102
2 0.484182 0.307099 0.0648148 0.0709877 0.363036
2 0.482446 0.387346 0.0760031 0.0771605 0.394225
2 0.399691 0.553241 0.0239198 0.066358 0.635924
2 0.445795 0.470936 0.0243056 0.066358 0.640809
2 0.39892 0.636831 0.0239198 0.0648148 0.663818
2 0.485918 0.47428 0.0212191 0.0709877 0.688434
1 0.460069 0.552469 0.330633 0.0802469 0.689502
2 0.52392 0.388632 0.0270062 0.0673868 0.708671
2 0.405093 0.385802 0.0246914 0.0730453 0.709889
2 0.405864 0.470679 0.0208333 0.06893 0.712132
2 0.526813 0.473765 0.0266204 0.0699589 0.712354
2 0.520062 0.641204 0.0277778 0.0725309 0.716179
2 0.439043 0.553755 0.0270062 0.0673868 0.718646
2 0.439622 0.637346 0.0250772 0.0679012 0.72547
2 0.359568 0.637088 0.0231481 0.0684156 0.7394
2 0.367477 0.469907 0.0243056 0.0643004 0.746015
2 0.358603 0.553241 0.0227623 0.0673868 0.748386
2 0.363619 0.38606 0.0227623 0.0704733 0.74899
1 0.462191 0.307613 0.311728 0.0802469 0.758534
2 0.365934 0.30427 0.0227623 0.0653292 0.773773
2 0.483796 0.388117 0.025463 0.0684156 0.784137
2 0.483989 0.307099 0.0281636 0.0668724 0.792698
1 0.46412 0.636574 0.340278 0.087963 0.821727
1 0.455633 0.389661 0.330247 0.0859054 0.831727
1 0.461998 0.472222 0.333719 0.0833333 0.85835
0 0.233025 0.185442 0.207562 0.0797325 0.89607
2 0.441165 0.554527 0.22338 0.0792181 0.258471
2 0.439622 0.63966 0.221836 0.0828189 0.267669
2 0.439429 0.636831 0.0563272 0.0751029 0.301102
2 0.484182 0.307099 0.0648148 0.0709877 0.363036
2 0.482446 0.387346 0.0760031 0.0771605 0.394225
2 0.399691 0.553241 0.0239198 0.066358 0.635924
2 0.445795 0.470936 0.0243056 0.066358 0.640809
2 0.39892 0.636831 0.0239198 0.0648148 0.663818
2 0.485918 0.47428 0.0212191 0.0709877 0.688434
1 0.460069 0.552469 0.330633 0.0802469 0.689502
2 0.52392 0.388632 0.0270062 0.0673868 0.708671
2 0.405093 0.385802 0.0246914 0.0730453 0.709889
2 0.405864 0.470679 0.0208333 0.06893 0.712132
2 0.526813 0.473765 0.0266204 0.0699589 0.712354
2 0.520062 0.641204 0.0277778 0.0725309 0.716179
2 0.439043 0.553755 0.0270062 0.0673868 0.718646
2 0.439622 0.637346 0.0250772 0.0679012 0.72547
2 0.359568 0.637088 0.0231481 0.0684156 0.7394
2 0.367477 0.469907 0.0243056 0.0643004 0.746015
2 0.358603 0.553241 0.0227623 0.0673868 0.748386
2 0.363619 0.38606 0.0227623 0.0704733 0.74899
1 0.462191 0.307613 0.311728 0.0802469 0.758534
2 0.365934 0.30427 0.0227623 0.0653292 0.773773
2 0.483796 0.388117 0.025463 0.0684156 0.784137
2 0.483989 0.307099 0.0281636 0.0668724 0.792698
1 0.46412 0.636574 0.340278 0.087963 0.821727
1 0.455633 0.389661 0.330247 0.0859054 0.831727
1 0.461998 0.472222 0.333719 0.0833333 0.85835
0 0.233025 0.185442 0.207562 0.0797325 0.89607
2 0.399691 0.553241 0.0239198 0.066358 0.635924
2 0.445795 0.470936 0.0243056 0.066358 0.640809
2 0.39892 0.636831 0.0239198 0.0648148 0.663818
2 0.485918 0.47428 0.0212191 0.0709877 0.688434
1 0.460069 0.552469 0.330633 0.0802469 0.689502
2 0.52392 0.388632 0.0270062 0.0673868 0.708671
2 0.405093 0.385802 0.0246914 0.0730453 0.709889
2 0.405864 0.470679 0.0208333 0.06893 0.712132
2 0.526813 0.473765 0.0266204 0.0699589 0.712354
2 0.520062 0.641204 0.0277778 0.0725309 0.716179
2 0.439043 0.553755 0.0270062 0.0673868 0.718646
2 0.439622 0.637346 0.0250772 0.0679012 0.72547
2 0.359568 0.637088 0.0231481 0.0684156 0.7394
2 0.367477 0.469907 0.0243056 0.0643004 0.746015
2 0.358603 0.553241 0.0227623 0.0673868 0.748386
2 0.363619 0.38606 0.0227623 0.0704733 0.74899
1 0.462191 0.307613 0.311728 0.0802469 0.758534
2 0.365934 0.30427 0.0227623 0.0653292 0.773773
2 0.483796 0.388117 0.025463 0.0684156 0.784137
2 0.483989 0.307099 0.0281636 0.0668724 0.792698
1 0.46412 0.636574 0.340278 0.087963 0.821727
1 0.455633 0.389661 0.330247 0.0859054 0.831727
1 0.461998 0.472222 0.333719 0.0833333 0.85835
0 0.233025 0.185442 0.207562 0.0797325 0.89607
2 0.399691 0.553241 0.0239198 0.066358 0.635924
2 0.445795 0.470936 0.0243056 0.066358 0.640809
2 0.39892 0.636831 0.0239198 0.0648148 0.663818
2 0.485918 0.47428 0.0212191 0.0709877 0.688434
1 0.460069 0.552469 0.330633 0.0802469 0.689502
2 0.52392 0.388632 0.0270062 0.0673868 0.708671
2 0.405093 0.385802 0.0246914 0.0730453 0.709889
2 0.405864 0.470679 0.0208333 0.06893 0.712132
2 0.526813 0.473765 0.0266204 0.0699589 0.712354
2 0.520062 0.641204 0.0277778 0.0725309 0.716179
2 0.439043 0.553755 0.0270062 0.0673868 0.718646
2 0.439622 0.637346 0.0250772 0.0679012 0.72547
2 0.359568 0.637088 0.0231481 0.0684156 0.7394
2 0.367477 0.469907 0.0243056 0.0643004 0.746015
2 0.358603 0.553241 0.0227623 0.0673868 0.748386
2 0.363619 0.38606 0.0227623 0.0704733 0.74899
1 0.462191 0.307613 0.311728 0.0802469 0.758534
2 0.365934 0.30427 0.0227623 0.0653292 0.773773
2 0.483796 0.388117 0.025463 0.0684156 0.784137
2 0.483989 0.307099 0.0281636 0.0668724 0.792698
1 0.46412 0.636574 0.340278 0.087963 0.821727
1 0.455633 0.389661 0.330247 0.0859054 0.831727
1 0.461998 0.472222 0.333719 0.0833333 0.85835
0 0.233025 0.185442 0.207562 0.0797325 0.89607
